STARLINK-31             
1 44235U 19029A   20128.16667824  .00034978  00000-0  20154-2 0  9997
2 44235  53.0035  38.0572 0001730  67.2101 205.9720 15.12101915 53963
STARLINK-22             
1 44236U 19029B   20128.16667824  .00039927  00000-0  52883-3 0  9992
2 44236  53.0048   9.4111 0011887  79.6963   5.9282 15.57838918 54361
STARLINK-23             
1 44237U 19029C   20127.83335648 -.00017490  00000-0 -98858-3 0  9997
2 44237  52.9997  39.3355 0001351  96.6126 125.0281 15.12134476 52809
STARLINK-24             
1 44238U 19029D   20127.47654236  .00002483  00000-0  15632-3 0  9998
2 44238  52.9987  39.9259 0001474  75.3497 284.7658 15.12872385 52684
STARLINK-25             
1 44239U 19029E   20127.83335648 -.00025064  00000-0 -14255-2 0  9993
2 44239  53.0075  39.8386 0001497  84.7199 227.0087 15.12135847 52718
STARLINK-26             
1 44240U 19029F   20128.16667824  .00026131  00000-0  56518-3 0  9999
2 44240  53.0103   1.7166 0001092  81.2766 175.8260 15.44329985 53356
STARLINK-27             
1 44241U 19029G   20128.41667824 -.00038722  00000-0 -22161-2 0  9995
2 44241  53.0060  37.0648 0001541  64.6818 148.2517 15.12131586 52887
STARLINK-28             
1 44242U 19029H   20127.91667824 -.00013221  00000-0 -16664-3 0  9999
2 44242  52.9955   4.4874 0002931  92.0606 197.2244 15.58041034 53286
STARLINK-29             
1 44243U 19029J   20127.91667824  .00035409  00000-0  47513-3 0  9997
2 44243  53.0026 313.0870 0011560  77.6613 301.5753 15.57553292 54007
STARLINK-30             
1 44244U 19029K   20127.83335648 -.00016772  00000-0 -94666-3 0  9990
2 44244  53.0010  39.2304 0001977  76.8032  84.9155 15.12153066 52762
STARLINK-21             
1 44245U 19029L   20127.83335648 -.00016947  00000-0 -95725-3 0  9992
2 44245  52.9991  39.4087 0001480  83.5840 162.0553 15.12134901 52778
STARLINK-33             
1 44247U 19029N   20128.16667824  .00022444  00000-0  30215-3 0  9995
2 44247  53.0063   4.9877 0003033  87.6217 115.9723 15.57793525 53336
STARLINK-34             
1 44248U 19029P   20128.41667824 -.00016593  00000-0 -20330-3 0  9991
2 44248  53.0009  13.4119 0002353  69.9057 107.6627 15.59008143 53147
STARLINK-61             
1 44249U 19029Q   20128.16667824  .00044600  00000-0  21674-2 0  9993
2 44249  52.9997  26.4346 0005290 240.1687  41.5730 15.18013263 53014
STARLINK-36             
1 44250U 19029R   20128.16667824  .00040307  00000-0  23188-2 0  9997
2 44250  53.0005  37.8151 0001813  81.2697 125.9133 15.12091691 52805
STARLINK-37             
1 44251U 19029S   20128.00001157 -.00026557  00000-0 -15119-2 0  9990
2 44251  52.9824  37.6660 0001887  84.2496 301.0940 15.12131357 52758
STARLINK-71             
1 44252U 19029T   20128.04136749 -.00000862  00000-0 -32286-4 0  9998
2 44252  53.0025  37.5239 0001615  68.4680 291.6483 15.12184108 52762
STARLINK-39             
1 44253U 19029U   20127.91667824 -.00033722  00000-0 -19265-2 0  9998
2 44253  53.0059  39.2949 0001459  74.4350 283.1472 15.12130079 52799
STARLINK-32             
1 44254U 19029V   20128.00001157 -.00025671  00000-0 -14610-2 0  9994
2 44254  52.9992  38.5735 0001640  82.1291 321.2825 15.12125172 52773
STARLINK-66             
1 44255U 19029W   20128.16667824  .00032276  00000-0  43229-3 0  9997
2 44255  53.0039   4.7663 0002654  86.2330  90.5077 15.57719330 53262
STARLINK-42             
1 44256U 19029X   20128.16667824  .00025590  00000-0  34091-3 0  9996
2 44256  52.9943   5.8463 0003451 107.4054 242.6659 15.57990419 53209
STARLINK-43             
1 44257U 19029Y   20128.16667824  .00002757  00000-0  10169-3 0  9997
2 44257  53.0024 350.3352 0002514  85.2920 289.3783 15.31334518 53515
STARLINK-40             
1 44258U 19029Z   20127.83335648 -.00017439  00000-0 -98564-3 0  9997
2 44258  53.0004  39.3333 0001611  90.7205 118.9466 15.12132371 52786
STARLINK-52             
1 44259U 19029AA  20127.91667824  .00039055  00000-0  52284-3 0  9996
2 44259  53.0036 314.8333 0003012 102.3761 133.0424 15.57637043 53864
STARLINK-45             
1 44260U 19029AB  20128.08334491  .00002545  00000-0  16285-3 0  9993
2 44260  53.0101  37.0845 0001423  81.4400  79.7076 15.12177761 52890
STARLINK-44             
1 44261U 19029AC  20127.83335648 -.00017334  00000-0 -97971-3 0  9996
2 44261  53.0003  39.3127 0001358  83.0767 120.5833 15.12128230 52793
STARLINK-49             
1 44262U 19029AD  20128.16667824  .00034860  00000-0  20078-2 0  9992
2 44262  53.0059  38.2074 0001566  81.1667 216.0338 15.12118180 52854
STARLINK-72             
1 44263U 19029AE  20127.91667824 -.00030197  00000-0 -17222-2 0  9993
2 44263  53.0016  38.8005 0001308  88.0303 161.5131 15.12136180 52805
STARLINK-35             
1 44264U 19029AF  20128.16667824  .00039167  00000-0  22531-2 0  9995
2 44264  53.0009  37.7569 0001725  84.2188 104.9297 15.12106694 52826
STARLINK-63             
1 44265U 19029AG  20127.91667824 -.00026145  00000-0 -14867-2 0  9995
2 44265  53.0002  38.2621 0001332  90.2798 183.1901 15.12165427 52823
STARLINK-54             
1 44266U 19029AH  20128.16667824  .00035568  00000-0  20491-2 0  9991
2 44266  52.9957  37.1031 0001824  69.3120 269.9152 15.12098762 52790
STARLINK-69             
1 44267U 19029AJ  20127.83335648 -.00018122  00000-0 -10249-2 0  9990
2 44267  53.0007  38.4837 0001763  88.2500 163.3914 15.12136892 52780
STARLINK-55             
1 44268U 19029AK  20128.00001157  .00006005  00000-0  84707-4 0  9993
2 44268  52.9959   4.9340 0002905  90.9375 333.9528 15.58162599 53242
STARLINK-57             
1 44269U 19029AL  20128.16667824  .00035227  00000-0  20287-2 0  9999
2 44269  52.9998  37.5099 0001955  83.9711 219.2326 15.12116380 52876
STARLINK-58             
1 44270U 19029AM  20128.08334491  .00036502  00000-0  45876-3 0  9992
2 44270  53.0032  15.2324 0003252  89.5123 135.5394 15.59349133 53178
STARLINK-59             
1 44271U 19029AN  20128.00001157 -.00021952  00000-0 -12458-2 0  9999
2 44271  52.9985  37.8117 0001671  83.6151 247.7124 15.12136575 52835
STARLINK-51             
1 44272U 19029AP  20128.41667824 -.00034373  00000-0 -19620-2 0  9993
2 44272  52.9990  36.5466 0001501  81.9592  22.8909 15.12169589 52875
STARLINK-60             
1 44273U 19029AQ  20127.88706926  .00049572  00000-0  68850-3 0  9996
2 44273  52.9967 304.2815 0004462 298.9874  61.0689 15.56535347 54122
STARLINK-62             
1 44274U 19029AR  20128.41667824 -.00017491  00000-0 -21417-3 0  9995
2 44274  53.0056  13.4367 0003211  96.9546  83.6922 15.59064705 53181
STARLINK-64             
1 44275U 19029AS  20127.91667824 -.00027676  00000-0 -73253-3 0  9991
2 44275  52.9928  20.3152 0005722 167.9911 233.5108 15.37525982 53043
STARLINK-65             
1 44276U 19029AT  20127.91667824 -.00030239  00000-0 -17245-2 0  9999
2 44276  53.0019  38.7728 0001555  80.1592 133.3725 15.12137980 52816
STARLINK-41             
1 44277U 19029AU  20128.16667824  .00026241  00000-0  30958-3 0  9991
2 44277  53.0062   7.2016 0009592  82.7407 268.6386 15.61144739 53267
STARLINK-67             
1 44278U 19029AV  20128.16667824  .00115267  16566-4  26425-3 0  9991
2 44278  52.9909 219.6192 0007844  63.7334 257.1287 15.97140959 55282
STARLINK-68             
1 44279U 19029AW  20127.91667824 -.00024707  00000-0 -14047-2 0  9992
2 44279  53.0007  37.7468 0001602  85.4842 193.9543 15.12140171 52776
STARLINK-38             
1 44280U 19029AX  20127.83335648 -.00017472  00000-0 -98710-3 0  9992
2 44280  53.0018  39.1118 0001972  74.8718  50.7652 15.12148048 52808
STARLINK-70             
1 44281U 19029AY  20128.08334491  .00000180  00000-0  27441-4 0  9996
2 44281  53.0015  37.5412 0001447  85.1561  70.1940 15.12114027 52786
STARLINK-80             
1 44282U 19029AZ  20127.87705306  .00005479  00000-0  22987-3 0  9995
2 44282  53.0218   5.5937 0005429 104.6702 255.4896 15.25022000 51686
STARLINK-56             
1 44283U 19029BA  20127.91667824 -.00024623  00000-0 -13999-2 0  9999
2 44283  53.0017  38.8189 0001474  76.3050 155.1992 15.12139793 52812
STARLINK-73             
1 44284U 19029BB  20127.91667824 -.00025202  00000-0 -14330-2 0  9994
2 44284  53.0015  38.7929 0001738  82.3009 143.1492 15.12147236 52808
STARLINK-50             
1 44285U 19029BC  20127.91667824 -.00030268  00000-0 -17267-2 0  9995
2 44285  52.9998  38.7850 0001694  84.0213 159.5640 15.12127116 53865
STARLINK-75             
1 44286U 19029BD  20128.16667824  .00033934  00000-0  45324-3 0  9991
2 44286  53.0065   6.3922 0010987 108.4885  26.6110 15.57706157 54342
STARLINK-76             
1 44287U 19029BE  20128.16667824  .00038935  00000-0  22400-2 0  9997
2 44287  52.9994  37.8468 0001481  92.6200 150.5336 15.12105637 53905
STARLINK-79             
1 44288U 19029BF  20127.91667824 -.00033713  00000-0 -19254-2 0  9994
2 44288  53.0067  39.4163 0001590  98.8817 294.6047 15.12140158 53874
STARLINK-48             
1 44289U 19029BG  20127.91667824 -.00027448  00000-0 -12553-2 0  9998
2 44289  53.0032  14.0966 0003127  69.9744  26.9386 15.19805407 54205
STARLINK-78             
1 44290U 19029BH  20128.16667824  .00034929  00000-0  20115-2 0  9991
2 44290  53.0063  38.1756 0001446  74.4072 234.8202 15.12122024 53916
STARLINK-77             
1 44291U 19029BJ  20128.00001157 -.00024153  00000-0 -13733-2 0  9994
2 44291  53.0070  39.1116 0001633  80.2967  65.1377 15.12124486 53880
STARLINK-81             
1 44292U 19029BK  20127.91667824 -.00034127  00000-0 -19491-2 0  9992
2 44292  53.0069  39.5148 0001655  69.8277 353.6716 15.12144983 53863
STARLINK-74             
1 44293U 19029BL  20127.83335648 -.00015663  00000-0 -88298-3 0  9996
2 44293  53.0064  39.7408 0001656  84.5323 185.1296 15.12146943 53855
STARLINK-53             
1 44294U 19029BM  20127.83335648 -.00018762  00000-0 -10615-2 0  9997
2 44294  52.9986  38.5322 0001561  95.0992  18.6012 15.12146199 53863
STARLINK-1007           
1 44713U 19074A   20128.16667824  .00035308  00000-0  24310-2 0  9994
2 44713  52.9994  39.8846 0001896  69.1654  80.9718 15.05568798 27525
STARLINK-1008           
1 44714U 19074B   20128.16667824  .00037754  00000-0  25961-2 0  9995
2 44714  53.0018  39.8689 0001739  57.1417 182.9972 15.05585410 27525
STARLINK-1009           
1 44715U 19074C   20127.91667824 -.00031845  00000-0 -21757-2 0  9994
2 44715  52.9981  41.0198 0001583  77.4404 300.9172 15.05588074 27478
STARLINK-1010           
1 44716U 19074D   20127.91667824 -.00032151  00000-0 -25456-2 0  9996
2 44716  52.9708  39.1878 0001553  63.2550 316.3740 15.00053024 27504
STARLINK-1011           
1 44717U 19074E   20127.83335648  .00004802  00000-0  34858-3 0  9991
2 44717  52.9983  61.3789 0001514  88.6301  69.7980 15.05575220  1802
STARLINK-1012           
1 44718U 19074F   20128.41667824 -.00034680  00000-0 -23707-2 0  9990
2 44718  52.9996  38.7599 0001855  71.0328 210.8554 15.05608996 27550
STARLINK-1013           
1 44719U 19074G   20127.91667824 -.00023597  00000-0 -16037-2 0  9998
2 44719  52.9995  41.0056 0001370  72.4000 323.9259 15.05626055 27474
STARLINK-1014           
1 44720U 19074H   20128.16667824  .00034047  00000-0  23438-2 0  9991
2 44720  53.0024  39.8702 0007953 345.7707 236.3893 15.05572321 27520
STARLINK-1015           
1 44721U 19074J   20128.16667824  .00045820  00000-0  31446-2 0  9991
2 44721  52.9924  39.9121 0001792  73.2966 202.8875 15.05567017 27512
STARLINK-1016           
1 44722U 19074K   20127.83335648 -.00014767  00000-0 -99608-3 0  9994
2 44722  53.0026  41.3567 0001741  74.4877 176.0019 15.05591676 27472
STARLINK-1017           
1 44723U 19074L   20128.08334491 -.00004869  00000-0 -31523-3 0  9992
2 44723  52.9993  40.2562 0001915  72.5723  21.6705 15.05575099 27501
STARLINK-1019           
1 44724U 19074M   20128.16667824  .00035824  00000-0  24659-2 0  9995
2 44724  52.9991  39.8853 0001877  73.6424 310.4720 15.05571537 27514
STARLINK-1020           
1 44725U 19074N   20127.83335648  .00007780  00000-0  55245-3 0  9991
2 44725  52.9985  61.3756 0001299  95.8961 206.4225 15.05584687 27187
STARLINK-1021           
1 44726U 19074P   20128.16667824  .00035644  00000-0  24544-2 0  9990
2 44726  52.9997  39.8850 0001811  67.0499 335.0716 15.05560321 27513
STARLINK-1022           
1 44727U 19074Q   20128.16667824 -.00012305  00000-0 -82622-3 0  9994
2 44727  53.0094  79.8170 0001512  71.6294  40.6651 15.05604899 26969
STARLINK-1023           
1 44728U 19074R   20128.08334491  .00003072  00000-0  25019-3 0  9993
2 44728  52.9982  39.8219 0001653  68.6017 234.5200 15.02311200 27513
STARLINK-1024           
1 44729U 19074S   20128.41667824 -.00030456  00000-0 -20797-2 0  9995
2 44729  52.9983  58.7555 0001387  86.2743  49.5870 15.05586502 27276
STARLINK-1025           
1 44730U 19074T   20128.16667824  .00034376  00000-0  23676-2 0  9991
2 44730  52.9988  39.8846 0001894  70.5968 133.5450 15.05570119 27527
STARLINK-1026           
1 44731U 19074U   20128.00001157 -.00024619  00000-0 -16751-2 0  9993
2 44731  52.9977  40.6338 0002003  62.6044  83.7608 15.05606019 27498
STARLINK-1027           
1 44732U 19074V   20127.83335648  .00011255  00000-0  79062-3 0  9994
2 44732  52.9985  61.3779 0001540  79.0986 277.3129 15.05568569 27181
STARLINK-1028           
1 44733U 19074W   20128.00001157 -.00021179  00000-0 -14382-2 0  9991
2 44733  52.9996  40.6345 0001868  74.1450 162.1291 15.05591431 27497
STARLINK-1029           
1 44734U 19074X   20128.41667824 -.00014089  00000-0 -15926-3 0  9994
2 44734  52.9996  17.3786 0005101 152.4112 226.8075 15.60913251 27854
STARLINK-1030           
1 44735U 19074Y   20127.91667824 -.00025989  00000-0 -17698-2 0  9997
2 44735  52.9979  61.0061 0001546  81.5523 330.7041 15.05605009 27198
STARLINK-1031           
1 44736U 19074Z   20128.41667824  .07620029  00000-0  53654+0 0  9994
2 44736  53.0001  58.7604 0003366 182.8343 358.9628 14.99590446 27283
STARLINK-1032           
1 44737U 19074AA  20127.91667824 -.00020933  00000-0 -14211-2 0  9991
2 44737  52.9987  60.9997 0001593  78.7213 189.4639 15.05595631 27204
STARLINK-1033           
1 44738U 19074AB  20127.83335648  .00004451  00000-0  32440-3 0  9999
2 44738  52.9955  61.3966 0001507  86.0091 162.3543 15.05587036 27183
STARLINK-1052           
1 44739U 19074AC  20127.91667824 -.00000556  00000-0 -18975-4 0  9995
2 44739  52.9982  61.0034 0001355  88.4588 287.8184 15.05579860 27196
STARLINK-1035           
1 44740U 19074AD  20128.16667824  .00013512  00000-0  94538-3 0  9997
2 44740  52.9983  59.8821 0001785  74.0389 128.0590 15.05555490 27241
STARLINK-1036           
1 44741U 19074AE  20128.16667824  .00012362  00000-0  86635-3 0  9999
2 44741  52.9978  59.8826 0001416  74.5188  73.5491 15.05569809 27236
STARLINK-1037           
1 44742U 19074AF  20127.54454955  .00001521  00000-0  12259-3 0  9996
2 44742  53.0002  62.5903 0000461  24.7929 335.3081 15.05876931 26974
STARLINK-1038           
1 44743U 19074AG  20128.08334491 -.00029979  00000-0 -20459-2 0  9998
2 44743  52.9989  80.2567 0001677  83.7669  44.6674 15.05600524 26955
STARLINK-1039           
1 44744U 19074AH  20128.16667824 -.00008233  00000-0 -54642-3 0  9999
2 44744  52.9980  79.8852 0001817  79.6573 104.6338 15.05586510 26965
STARLINK-1040           
1 44745U 19074AJ  20127.90854905  .00048658  00000-0  17410-3 0  9994
2 44745  52.9897   0.8134 0003744  67.7676 292.3744 15.88339550 28030
STARLINK-1041           
1 44746U 19074AK  20128.16667824 -.00006314  00000-0 -41455-3 0  9997
2 44746  52.9989  79.8816 0001548  80.1032 158.2434 15.05577269 26967
STARLINK-1042           
1 44747U 19074AL  20128.16667824 -.00014172  00000-0 -95522-3 0  9993
2 44747  53.0093  79.8217 0001557  69.7290  24.5687 15.05587079 26965
STARLINK-1043           
1 44748U 19074AM  20128.00001157 -.00033311  00000-0 -22754-2 0  9990
2 44748  53.0025  80.6123 0001690  83.7813  42.6127 15.05617965 26948
STARLINK-1044           
1 44749U 19074AN  20127.91667824 -.00020277  00000-0 -13757-2 0  9999
2 44749  52.9990  61.0063 0001739  77.2112 136.9525 15.05599287 27203
STARLINK-1045           
1 44750U 19074AP  20128.16667824 -.00002453  00000-0 -14920-3 0  9999
2 44750  52.9974  79.8831 0001511  71.3804  94.8921 15.05594581 26964
STARLINK-1046           
1 44751U 19074AQ  20127.91667824  .00000341  00000-0  42582-4 0  9990
2 44751  52.9971  81.0042 0001437  92.7802 193.7412 15.05592966 26928
STARLINK-1047           
1 44752U 19074AR  20127.83335648  .00008112  00000-0  57541-3 0  9992
2 44752  52.9988  61.3802 0001780  83.8506  20.4597 15.05570201  1803
STARLINK-1048           
1 44753U 19074AS  20128.16667824  .00037840  00000-0  26031-2 0  9993
2 44753  52.9985  39.8891 0001965  78.8787  53.2194 15.05567813 27517
STARLINK-1049           
1 44754U 19074AT  20128.08334491 -.00001686  00000-0 -96539-4 0  9999
2 44754  52.9972  40.2613 0002140  77.9030 304.3510 15.05589054 27501
STARLINK-1050           
1 44755U 19074AU  20127.91667824 -.00000982  00000-0 -48237-4 0  9990
2 44755  53.0132  80.9269 0001589  85.4754 147.0342 15.05585762 26936
STARLINK-1051           
1 44756U 19074AV  20128.00001157 -.00021044  00000-0 -14290-2 0  9995
2 44756  52.9980  40.6312 0002045  80.2621 192.0364 15.05589409 27490
STARLINK-1034           
1 44757U 19074AW  20128.08334491 -.00016874  00000-0 -11419-2 0  9999
2 44757  52.9983  60.2572 0001683  80.8220 227.3232 15.05570896 27225
STARLINK-1053           
1 44758U 19074AX  20127.83335648  .00030898  00000-0  21303-2 0  9990
2 44758  53.0042  81.3404 0001248  75.8530 298.8032 15.05583840  1807
STARLINK-1054           
1 44759U 19074AY  20128.16667824 -.00014367  00000-0 -96837-3 0  9992
2 44759  53.0078  79.8332 0001467  78.2374 340.0874 15.05597549 26964
STARLINK-1055           
1 44760U 19074AZ  20128.16667824 -.00011618  00000-0 -77915-3 0  9996
2 44760  53.0119  79.8120 0001463  74.4542  55.8767 15.05595247 26974
STARLINK-1056           
1 44761U 19074BA  20128.00001157 -.00027795  00000-0 -18954-2 0  9991
2 44761  53.0091  80.5744 0001335  85.8307 166.6376 15.05590928 26943
STARLINK-1057           
1 44762U 19074BB  20127.83335648  .00011128  00000-0  78141-3 0  9993
2 44762  52.9984  61.3758 0002173  71.0536 339.3573 15.05594680 27181
STARLINK-1058           
1 44763U 19074BC  20128.08334491 -.00023114  00000-0 -15725-2 0  9995
2 44763  53.0032  80.2329 0001689  84.8801 151.5232 15.05576132 26952
STARLINK-1059           
1 44764U 19074BD  20127.91667824 -.00022563  00000-0 -15334-2 0  9999
2 44764  52.9986  61.0024 0001578  94.3156  65.8566 15.05601689 27206
STARLINK-1060           
1 44765U 19074BE  20127.83335648  .00010308  00000-0  72532-3 0  9993
2 44765  53.0001  61.3785 0001373  85.0727 253.3499 15.05593164 27182
STARLINK-1061           
1 44766U 19074BF  20128.41667824 -.00008347  00000-0 -55398-3 0  9996
2 44766  53.0037  78.7287 0001448  83.2493 196.8365 15.05605994 27003
STARLINK-1062           
1 44767U 19074BG  20128.08334491 -.00026901  00000-0 -18329-2 0  9999
2 44767  53.0067  80.2122 0001565  74.4805 233.9352 15.05604162 26950
STARLINK-1063           
1 44768U 19074BH  20128.16667824 -.00007134  00000-0 -47103-3 0  9998
2 44768  52.9984  79.8753 0001392  82.6444 191.7054 15.05571635 26968
STARLINK-1064           
1 44769U 19074BJ  20128.08334491 -.00028774  00000-0 -19636-2 0  9993
2 44769  52.9991  80.2568 0001371  99.7039  64.7069 15.05581607 26957
STARLINK-1065           
1 44770U 19074BK  20127.97264781  .00001514  00000-0  12212-3 0  9991
2 44770  53.0050  80.6764 0000494 131.0845 229.0186 15.05868276 26933
STARLINK-1067           
1 44771U 19074BL  20128.16667824 -.00012162  00000-0 -81716-3 0  9997
2 44771  53.0018  79.8585 0001753  80.4902 265.8352 15.05569876 26969
STARLINK-1068           
1 44772U 19074BM  20127.91667824 -.00022974  00000-0 -15617-2 0  9998
2 44772  52.9989  61.0018 0001394  87.9136  18.3392 15.05604006 27197
STARLINK-1073           
1 44914U 20001A   20128.41667824 -.00027373  00000-0 -18650-2 0  9992
2 44914  53.0015 198.7628 0001217 110.8557 246.3692 15.05615188 18479
STARLINK-1084           
1 44915U 20001B   20127.91667824 -.00024154  00000-0 -16435-2 0  9990
2 44915  53.0015 201.0041 0001072  94.8538 268.8315 15.05596901 18412
STARLINK-1097           
1 44916U 20001C   20127.83335648 -.00033957  00000-0 -23210-2 0  9998
2 44916  53.0012 201.3799 0001044 113.4255 104.4059 15.05604906  1806
STARLINK-1098           
1 44917U 20001D   20127.91667824 -.00025119  00000-0 -17100-2 0  9994
2 44917  52.9993 201.0026 0001052 108.6471 237.1100 15.05600523 18404
STARLINK-1099           
1 44918U 20001E   20127.91667824 -.00025158  00000-0 -17127-2 0  9997
2 44918  53.0001 201.0011 0001328 126.9253 164.8200 15.05599568  1751
STARLINK-1101           
1 44919U 20001F   20127.91667824 -.00025347  00000-0 -17268-2 0  9994
2 44919  52.9995 201.0048 0001207 131.4022  88.3179 15.05576862  1761
STARLINK-1102           
1 44920U 20001G   20127.91667824 -.00025266  00000-0 -17207-2 0  9999
2 44920  52.9995 201.0036 0001166  97.1767 104.5438 15.05588085 18406
STARLINK-1103           
1 44921U 20001H   20127.83335648 -.00031248  00000-0 -21344-2 0  9991
2 44921  52.9992 201.3791 0001238 109.2392  36.5401 15.05589171  1799
STARLINK-1104           
1 44922U 20001J   20127.91667824 -.00024363  00000-0 -16573-2 0  9993
2 44922  53.0006 201.0041 0001105  97.9282 175.7567 15.05610057 18400
STARLINK-1106           
1 44923U 20001K   20128.41667824 -.00025974  00000-0 -17693-2 0  9993
2 44923  52.9994 198.7621 0001255 101.8435 219.4386 15.05594937 18472
STARLINK-1111           
1 44924U 20001L   20128.41667824 -.00028077  00000-0 -19146-2 0  9996
2 44924  52.9992 198.7626 0001081 108.6729 266.6144 15.05596965 18484
STARLINK-1112           
1 44925U 20001M   20128.41667824 -.00025669  00000-0 -17491-2 0  9992
2 44925  53.0006 198.7618 0001222  94.4715 208.8092 15.05576729 18473
STARLINK-1113           
1 44926U 20001N   20128.41667824 -.00024666  00000-0 -16788-2 0  9997
2 44926  53.0019 198.7483 0001103 109.7618 157.5189 15.05598285 19220
STARLINK-1114           
1 44927U 20001P   20127.91667824 -.00023091  00000-0 -15701-2 0  9997
2 44927  53.0008 201.0026 0001197 102.9695 296.7375 15.05596127 18419
STARLINK-1119           
1 44928U 20001Q   20127.91667824 -.00022696  00000-0 -15425-2 0  9991
2 44928  53.0015 201.0040 0000852 113.0819 304.6613 15.05604095 18410
STARLINK-1121           
1 44929U 20001R   20127.91667824 -.00024628  00000-0 -16766-2 0  9998
2 44929  53.0010 201.0084 0001151 111.9526  35.7410 15.05588680 18406
STARLINK-1123           
1 44930U 20001S   20128.41667824 -.00027640  00000-0 -18844-2 0  9992
2 44930  52.9998 198.7594 0000924 113.0134  46.2036 15.05596416 18489
STARLINK-1128           
1 44931U 20001T   20127.91667824 -.00024063  00000-0 -16374-2 0  9999
2 44931  53.0051 200.9846 0001322 112.3152 341.4102 15.05591730  1764
STARLINK-1130 (DARKSAT) 
1 44932U 20001U   20127.83335648 -.00037980  00000-0 -26010-2 0  9997
2 44932  53.0001 201.3774 0001128  91.3426 198.4623 15.05586941  1798
STARLINK-1144           
1 44933U 20001V   20128.41667824 -.00028543  00000-0 -19466-2 0  9999
2 44933  53.0011 198.7629 0000965 110.5912 336.6568 15.05600949 19776
STARLINK-1071           
1 44934U 20001W   20128.16667824  .00010562  00000-0  74296-3 0  9995
2 44934  53.0005 179.8833 0001363  81.2849 344.2914 15.05580386 18729
STARLINK-1072           
1 44935U 20001X   20128.16667824  .00004390  00000-0  32015-3 0  9991
2 44935  53.0009 179.8794 0000891 121.8337 105.7664 15.05594322 18725
STARLINK-1078           
1 44936U 20001Y   20128.16667824  .00008571  00000-0  60646-3 0  9998
2 44936  52.9992 179.8799 0001261  96.6391   5.0516 15.05594808 18728
STARLINK-1079           
1 44937U 20001Z   20128.16667824  .00004395  00000-0  32049-3 0  9995
2 44937  52.9994 179.8770 0001102 112.0400  79.6562 15.05595013 18725
STARLINK-1082           
1 44938U 20001AA  20128.16667824  .00008954  00000-0  63238-3 0  9995
2 44938  52.9970 179.8945 0001568  99.8283 235.7179 15.05611825 18719
STARLINK-1083           
1 44939U 20001AB  20128.08334491  .00030746  00000-0  21233-2 0  9990
2 44939  52.9859 180.3267 0001182 102.1527 105.4264 15.05524455 18700
STARLINK-1091           
1 44940U 20001AC  20127.83335648 -.00036178  00000-0 -24747-2 0  9999
2 44940  52.9762 181.5009 0001012  93.2441 144.8160 15.05606435  1791
STARLINK-1094           
1 44941U 20001AD  20128.16667824  .00006092  00000-0  43691-3 0  9991
2 44941  52.9984 179.8782 0001492  96.9233  40.7102 15.05582169 18725
STARLINK-1096           
1 44942U 20001AE  20127.83335648 -.00034696  00000-0 -23715-2 0  9998
2 44942  53.0001 181.3753 0001372  94.6619 107.3181 15.05615244  1803
STARLINK-1100           
1 44943U 20001AF  20128.16667824  .00007927  00000-0  56238-3 0  9992
2 44943  52.9911 179.9206 0000958  92.5191 225.0844 15.05595336 18710
STARLINK-1108           
1 44944U 20001AG  20128.16667824  .00009661  00000-0  68103-3 0  9994
2 44944  53.0001 179.8837 0001089 102.9029 340.7721 15.05595316 18722
STARLINK-1109           
1 44945U 20001AH  20128.41667824 -.00017231  00000-0 -11656-2 0  9997
2 44945  52.9775 178.8702 0001313 106.6310  72.7729 15.05601453 18756
STARLINK-1110           
1 44946U 20001AJ  20127.49402583 -.00000760  00000-0 -33047-4 0  9993
2 44946  53.0026 182.8992 0001100  85.7055 274.4059 15.05571540 18627
STARLINK-1116           
1 44947U 20001AK  20127.91667824  .00004124  00000-0  30197-3 0  9990
2 44947  53.0003 181.0019 0000807 103.7524 154.1565 15.05586914  1763
STARLINK-1122           
1 44949U 20001AM  20127.83335648 -.00035997  00000-0 -24621-2 0  9997
2 44949  52.9986 181.3811 0001203 107.1129 256.8621 15.05607490  1807
STARLINK-1125           
1 44950U 20001AN  20127.91667824  .00005139  00000-0  37158-3 0  9995
2 44950  52.9851 181.0845 0001100  92.4171 273.4407 15.05583970  1761
STARLINK-1126           
1 44951U 20001AP  20127.91667824  .00006102  00000-0  43764-3 0  9997
2 44951  52.9985 181.0060 0001387  88.9031 348.9703 15.05575517 19978
STARLINK-1117           
1 44952U 20001AQ  20127.91667824  .00003145  00000-0  23486-3 0  9991
2 44952  52.9998 181.0073 0000973 103.0276 100.8318 15.05586309  1763
STARLINK-1124           
1 44953U 20001AR  20128.41667824 -.00015649  00000-0 -10573-2 0  9994
2 44953  52.9996 178.7636 0001368  97.0358 208.4345 15.05576345 20048
STARLINK-1066           
1 44954U 20001AS  20128.41667824  .03983042  00000-0  12574+0 0  9997
2 44954  52.9983 159.7056 0003999  69.6083 325.4860 15.28309272 18971
STARLINK-1069           
1 44955U 20001AT  20128.41667824  .03623909  00000-0  11717+0 0  9999
2 44955  52.9955 159.6843 0003608  52.1347 308.5816 15.27894542 18961
STARLINK-1070           
1 44956U 20001AU  20128.41667824  .03717165  00000-0  11932+0 0  9997
2 44956  52.9963 159.7058 0003774  59.0059 313.1874 15.28036009 19032
STARLINK-1074           
1 44957U 20001AV  20128.41667824  .03659185  00000-0  12221+0 0  9997
2 44957  52.9943 159.6439 0002037 355.0308 283.8323 15.26774769 19021
STARLINK-1075           
1 44958U 20001AW  20128.41667824  .03597324  00000-0  11677+0 0  9998
2 44958  52.9961 159.6418 0002537  12.0863 290.3687 15.27118190 19027
STARLINK-1076           
1 44959U 20001AX  20128.41667824  .04268724  00000-0  14279+0 0  9990
2 44959  52.9948 159.7346 0000957 243.2759 347.8278 15.26066528 19020
STARLINK-1077           
1 44960U 20001AY  20128.41667824  .03438340  00000-0  11170+0 0  9991
2 44960  52.9959 159.6520 0002768  21.8749 292.3255 15.27289857 19020
STARLINK-1080           
1 44961U 20001AZ  20128.41667824  .04623458  00000-0  13926+0 0  9990
2 44961  52.9948 159.6564 0003656  99.4510 326.6717 15.29189673 19033
STARLINK-1081           
1 44962U 20001BA  20128.41667824  .04102359  00000-0  12970+0 0  9991
2 44962  52.9957 159.7200 0003696  70.7492 312.9021 15.28134058 19039
STARLINK-1085           
1 44963U 20001BB  20128.16667824  .04924216  00000-0  15576+0 0  9993
2 44963  53.0004 160.8416 0003876  84.0497 328.8422 15.28031702 19729
STARLINK-1086           
1 44964U 20001BC  20128.00001157  .04167588  00000-0  13071+0 0  9997
2 44964  52.9992 161.6135 0000844 202.3671   1.3483 15.28314520 18969
STARLINK-1087           
1 44965U 20001BD  20128.16667824  .08051967  00000-0  30707-1 0  9998
2 44965  52.9947 157.2987 0003555  58.4942 289.5753 15.82354527 19770
STARLINK-1088           
1 44966U 20001BE  20128.16667824  .04152482  00000-0  13609+0 0  9999
2 44966  52.9981 160.8628 0003068  30.0535 289.8672 15.26885859 18984
STARLINK-1089           
1 44967U 20001BF  20128.08334491  .04243199  00000-0  12788+0 0  9995
2 44967  53.0000 161.2535 0003904  54.8837 312.2391 15.29564628 18989
STARLINK-1090           
1 44968U 20001BG  20128.00001157  .03677916  00000-0  10909+0 0  9998
2 44968  52.9977 161.6100 0001999 357.5049 281.2528 15.29990160 18962
STARLINK-1092           
1 44969U 20001BH  20128.16667824  .04385530  00000-0  14481+0 0  9993
2 44969  52.9976 160.9371 0002505   2.9896 281.3334 15.26385632 18986
STARLINK-1093           
1 44970U 20001BJ  20128.08334491  .04210620  00000-0  13513+0 0  9999
2 44970  52.9982 161.1838 0001585 338.3610 278.1504 15.27513574 18974
STARLINK-1095           
1 44971U 20001BK  20128.16667824  .04648434  00000-0  14936+0 0  9996
2 44971  52.9973 160.8335 0003996  69.5040 320.3856 15.27758825 18993
STARLINK-1107           
1 44972U 20001BL  20128.41667824  .03996296  00000-0  12425+0 0  9997
2 44972  52.9956 159.7323 0003888  74.2774 318.2834 15.28797319 19036
STARLINK-1115           
1 44973U 20001BM  20128.41667824  .03896767  00000-0  13114+0 0  9996
2 44973  52.9930 159.7296 0001051 306.0940 297.0140 15.26261765 19021
STARLINK-1132           
1 45044U 20006A   20127.91667824  .00037347  00000-0  25698-2 0  9996
2 45044  52.9972 121.0012 0001401  68.1597 250.1318 15.05565443 15635
STARLINK-1120           
1 45045U 20006B   20127.83335648  .00016010  00000-0  11155-2 0  9991
2 45045  52.9980 141.3806 0000988  82.8985 141.3582 15.05579564 15356
STARLINK-1129           
1 45046U 20006C   20127.83335648  .00015865  00000-0  11060-2 0  9994
2 45046  52.9951 141.3919 0001275  82.0678  88.1299 15.05564472  1799
STARLINK-1131           
1 45047U 20006D   20127.83335648  .00015903  00000-0  11083-2 0  9993
2 45047  52.9981 141.3785 0000922 113.7727  92.4201 15.05575433 15356
STARLINK-1134           
1 45048U 20006E   20127.91667824  .00039160  00000-0  26940-2 0  9996
2 45048  52.9963 141.0064 0001266  99.7977 144.3256 15.05551130 15362
STARLINK-1135           
1 45049U 20006F   20127.83335648  .00016610  00000-0  11573-2 0  9995
2 45049  52.9958 141.3809 0001506  94.6458  39.5901 15.05552430  1790
STARLINK-1140           
1 45050U 20006G   20127.91667824  .00036049  00000-0  24815-2 0  9991
2 45050  52.9967 141.0089 0001237  90.9292  99.1781 15.05567640  1769
STARLINK-1141           
1 45051U 20006H   20127.91667824  .00036227  00000-0  24935-2 0  9993
2 45051  52.9971 141.0055 0000930  95.4247 112.6771 15.05568466  1764
STARLINK-1148           
1 45052U 20006J   20127.91667824  .00035915  00000-0  24725-2 0  9994
2 45052  52.9943 141.0139 0001294  95.8866  58.2558 15.05565226  1750
STARLINK-1155           
1 45053U 20006K   20127.91667824  .00045467  00000-0  31225-2 0  9991
2 45053  52.9982 141.0059 0000896  88.2440 317.9141 15.05545052  1765
STARLINK-1156           
1 45054U 20006L   20127.83335648  .00017354  00000-0  12076-2 0  9996
2 45054  52.9953 141.3818 0001089 118.7681 321.4553 15.05570360  1791
STARLINK-1157           
1 45055U 20006M   20127.91667824  .05764074  00000-0  15389+0 0  9990
2 45055  52.9931 139.3488 0000584 262.1098 352.7505 15.32808253 15382
STARLINK-1158           
1 45056U 20006N   20127.91667824  .00037199  00000-0  25596-2 0  9991
2 45056  52.9919 141.0301 0000867  82.3687  53.7898 15.05567534  1767
STARLINK-1159           
1 45057U 20006P   20127.83335648  .00019544  00000-0  13560-2 0  9991
2 45057  52.9969 141.3787 0001469  95.1594 255.0923 15.05601098  1795
STARLINK-1162           
1 45058U 20006Q   20127.83335648  .00018971  00000-0  13175-2 0  9997
2 45058  52.9970 141.3756 0001245  88.9991 297.3019 15.05584476  1804
STARLINK-1165           
1 45059U 20006R   20127.83335648  .00017209  00000-0  11979-2 0  9991
2 45059  52.9973 141.3745 0001289  85.5680 192.6825 15.05562653  1795
STARLINK-1166           
1 45060U 20006S   20127.91667824  .00045015  00000-0  30914-2 0  9992
2 45060  52.9982 141.0064 0001462  91.2410 296.9077 15.05550360 15363
STARLINK-1169           
1 45061U 20006T   20127.91667824  .00045090  00000-0  30944-2 0  9999
2 45061  52.9968 141.0021 0001235 105.4223 246.7141 15.05575933 15367
STARLINK-1171           
1 45062U 20006U   20127.91667824  .00045397  00000-0  31173-2 0  9995
2 45062  52.9970 141.0076 0001217  93.2283 330.9539 15.05551128  1767
STARLINK-1178           
1 45063U 20006V   20127.91667824  .00045640  00000-0  31326-2 0  9997
2 45063  52.9988 141.0012 0001087  97.1053 237.0410 15.05564483 15364
STARLINK-1133           
1 45064U 20006W   20127.83335648  .00041211  00000-0  28323-2 0  9998
2 45064  52.9986 121.3710 0001187  75.7456 258.6729 15.05564115 15633
STARLINK-1139           
1 45065U 20006X   20127.91667824  .00037294  00000-0  25652-2 0  9990
2 45065  52.9981 120.9950 0001636  76.5872 331.6910 15.05580441  1763
STARLINK-1145           
1 45066U 20006Y   20127.83335648  .00037382  00000-0  25725-2 0  9997
2 45066  52.9975 121.3830 0001480  65.2707  17.1354 15.05561481 15630
STARLINK-1150           
1 45067U 20006Z   20127.91667824  .00097819  00000-0  66404-2 0  9991
2 45067  53.0141 120.9167 0001432  70.7061  31.4655 15.05578873 15644
STARLINK-1161           
1 45068U 20006AA  20127.91667824  .00035941  00000-0  24738-2 0  9994
2 45068  52.9908 121.0335 0001722  74.5148  81.6997 15.05572299  1752
STARLINK-1163           
1 45069U 20006AB  20127.91667824  .00032149  00000-0  22157-2 0  9995
2 45069  52.9976 121.0027 0001414  62.1283 148.1990 15.05577982  1764
STARLINK-1164           
1 45070U 20006AC  20127.83335648  .00034110  00000-0  23512-2 0  9990
2 45070  52.9978 121.3789 0001442  68.9797  85.4629 15.05543501 15634
STARLINK-1167           
1 45071U 20006AD  20127.91667824  .00035369  00000-0  24359-2 0  9991
2 45071  52.9983 121.0033 0001567  70.1973 212.0859 15.05557817 15648
STARLINK-1168           
1 45072U 20006AE  20127.83335648  .00033748  00000-0  23250-2 0  9997
2 45072  52.9973 121.3770 0001665  67.0273 105.3372 15.05568162  1796
STARLINK-1170           
1 45073U 20006AF  20127.83335648  .00039630  00000-0  27268-2 0  9997
2 45073  52.9959 121.3815 0001564  75.3901 313.0529 15.05538757 15625
STARLINK-1172           
1 45074U 20006AG  20127.91667824  .00030872  00000-0  21297-2 0  9996
2 45074  52.9950 121.0187 0001368  70.5271 121.7310 15.05562529  1761
STARLINK-1174           
1 45075U 20006AH  20127.83335648  .00041056  00000-0  28232-2 0  9996
2 45075  52.9979 121.3688 0001282  76.4048 222.0678 15.05545269 15639
STARLINK-1180           
1 45076U 20006AJ  20127.83335648  .00038215  00000-0  26294-2 0  9996
2 45076  52.9996 121.3675 0001427  72.0588 190.4146 15.05556421  1799
STARLINK-1182           
1 45077U 20006AK  20127.91667824  .00033373  00000-0  22987-2 0  9995
2 45077  52.9964 121.0043 0001691  70.2725 158.0842 15.05580940  1759
STARLINK-1177           
1 45078U 20006AL  20127.91667824  .00036518  00000-0  25130-2 0  9993
2 45078  52.9987 121.0008 0001707  65.8247 234.4356 15.05572493  1767
STARLINK-1149           
1 45079U 20006AM  20127.91667824  .00041754  00000-0  28677-2 0  9991
2 45079  52.9657 121.1750 0001429  78.6118 293.6586 15.05581980 15282
STARLINK-1153           
1 45080U 20006AN  20127.91667824  .00039589  00000-0  27226-2 0  9995
2 45080  52.9978 120.9939 0001645  69.8121 266.4479 15.05558140  1761
STARLINK-1151           
1 45081U 20006AP  20127.83335648  .00044785  00000-0  30758-2 0  9991
2 45081  52.9987 121.3550 0001460  89.0030 263.4423 15.05550503  1798
STARLINK-1160           
1 45082U 20006AQ  20127.91667824  .00091816  00000-0  62392-2 0  9991
2 45082  52.9838 121.0653 0001411  71.7641  66.4187 15.05579437 15641
STARLINK-1190           
1 45083U 20006AR  20127.83335648  .00015661  00000-0  10918-2 0  9990
2 45083  52.9974 141.3807 0001003 100.6577  87.5656 15.05574857 15349
STARLINK-1173           
1 45084U 20006AS  20127.91667824  .00030199  00000-0  33435-3 0  9997
2 45084  52.9956 109.0216 0001941  42.7129 146.1432 15.62757001 15920
STARLINK-1179           
1 45085U 20006AT  20127.91667824  .00035968  00000-0  39698-3 0  9994
2 45085  52.9946 108.2539 0002294  20.0754 180.6774 15.62746526 15825
STARLINK-1181           
1 45086U 20006AU  20127.83335648  .00050716  00000-0  55653-3 0  9999
2 45086  52.9956 110.9710 0001899  36.4130  14.6282 15.62738771  1814
STARLINK-1185           
1 45087U 20006AV  20127.91667824  .00032958  00000-0  36415-3 0  9996
2 45087  52.9950 110.5727 0001860  37.0292 117.9689 15.62763464 15895
STARLINK-1183           
1 45088U 20006AW  20127.91667824  .00039573  00000-0  43600-3 0  9991
2 45088  52.9953 110.5595 0001860  37.6743 124.0573 15.62746347  1784
STARLINK-1136           
1 45089U 20006AX  20127.91667824  .00031196  00000-0  34537-3 0  9994
2 45089  52.9955 109.0250 0002024  14.0662 173.1180 15.62740312 15465
STARLINK-1176           
1 45090U 20006AY  20127.83335648  .00049601  00000-0  54421-3 0  9997
2 45090  52.9969 108.6664 0002168  30.4740  59.5723 15.62752212 15466
STARLINK-1127           
1 45091U 20006AZ  20127.91667824  .00034000  00000-0  37590-3 0  9996
2 45091  52.9952 110.6007 0002162  31.7510 109.6675 15.62731011  1783
STARLINK-1137           
1 45092U 20006BA  20127.83335648  .00050406  00000-0  55354-3 0  9990
2 45092  52.9948 111.0004 0001967  29.9493   5.7965 15.62722420  1818
STARLINK-1142           
1 45093U 20006BB  20127.66667824 -.00026747  00000-0 -28657-3 0  9995
2 45093  52.9952 111.8228 0006734  41.5204 134.2449 15.62773576  1786
STARLINK-1146           
1 45094U 20006BC  20127.83335648  .00050138  00000-0  55033-3 0  9998
2 45094  52.9951 110.9939 0001990  14.0330  26.8093 15.62737081  1815
STARLINK-1147           
1 45095U 20006BD  20127.83335648  .00049667  00000-0  54558-3 0  9995
2 45095  52.9950 110.9889 0001893  45.1048 357.4595 15.62721535  1819
STARLINK-1152           
1 45096U 20006BE  20127.91667824  .00033561  00000-0  37100-3 0  9999
2 45096  52.9954 110.5905 0001908  34.6384 113.5555 15.62741207 15799
STARLINK-1175           
1 45097U 20006BF  20127.65742016  .00030777  00000-0  10931-3 0  9997
2 45097  52.9988 108.4435 0001217  71.3156 288.8000 15.88723851 15906
STARLINK-1184           
1 45098U 20006BG  20127.83335648  .00050156  00000-0  55028-3 0  9996
2 45098  52.9948 111.0094 0002212  19.9334  10.7773 15.62748118 13986
STARLINK-1186           
1 45099U 20006BH  20127.91667824  .00033832  00000-0  37340-3 0  9999
2 45099  52.9946 110.5725 0006634  46.2739 110.3720 15.62757143 15792
STARLINK-1193           
1 45100U 20006BJ  20127.91667824  .00032209  00000-0  35589-3 0  9992
2 45100  52.9955 110.6110 0008454  53.0722  84.9250 15.62738042  1778
STARLINK-1194           
1 45101U 20006BK  20127.91667824  .00063184  00000-0  69041-3 0  9999
2 45101  52.9950 110.6102 0001926  32.8629 103.4330 15.62755616 15792
STARLINK-1195           
1 45102U 20006BL  20127.91667824  .00031101  00000-0  34355-3 0  9994
2 45102  52.9952 110.5912 0009094  61.4373  85.0549 15.62757043 15794
STARLINK-1196           
1 45103U 20006BM  20127.91667824  .00042288  00000-0  46549-3 0  9991
2 45103  52.9967 110.5708 0001678  40.1417 118.2171 15.62739579  1785
STARLINK-1138           
1 45178U 20012A   20127.91667824  .00004065  00000-0  29801-3 0  9993
2 45178  53.0003 261.0104 0001408  87.5654 359.7665 15.05576853 12740
STARLINK-1143           
1 45179U 20012B   20127.91667824  .00002259  00000-0  17416-3 0  9996
2 45179  52.9917 261.0562 0001416  83.3420 345.9726 15.05581638 12747
STARLINK-1192           
1 45180U 20012C   20128.41667824 -.00006133  00000-0 -40194-3 0  9990
2 45180  53.0023 258.7595 0001234 115.0127 199.8396 15.05596084 12822
STARLINK-1200           
1 45181U 20012D   20128.16667824  .00020319  00000-0  14089-2 0  9996
2 45181  53.0028 259.8815 0001225  97.8025 319.2806 15.05600756 12780
STARLINK-1201           
1 45182U 20012E   20128.41667824  .02101065  00000-0  68117-1 0  9995
2 45182  53.0054 239.5122 0002612 114.5433   9.9058 15.28014719 13097
STARLINK-1202           
1 45183U 20012F   20128.08334491 -.00024332  00000-0 -16559-2 0  9995
2 45183  53.0022 260.2540 0001179 100.1698  44.9922 15.05594046 12773
STARLINK-1205           
1 45184U 20012G   20128.16667824  .04547952  00000-0  18323+0 0  9992
2 45184  52.9981 240.2397 0003490  72.8059 352.6856 15.20186485 13034
STARLINK-1216           
1 45185U 20012H   20127.91667824 -.00002760  00000-0 -17040-3 0  9995
2 45185  53.0029 261.0010 0001243  83.2060 274.1540 15.05566731 12750
STARLINK-1224           
1 45186U 20012J   20128.16667824  .00019653  00000-0  13642-2 0  9994
2 45186  53.0038 259.8819 0001222 105.3620  77.7153 15.05581050 12789
STARLINK-1225           
1 45187U 20012K   20127.83335648  .00039914  00000-0  27444-2 0  9991
2 45187  53.0012 261.3801 0001185 116.0724  41.3592 15.05561816 12493
STARLINK-1228           
1 45188U 20012L   20127.91667824 -.00029342  00000-0 -31547-3 0  9991
2 45188  52.9997 232.7978 0001369  60.6262 234.9087 15.62776269  1777
STARLINK-1230           
1 45189U 20012M   20128.16667824  .00018964  00000-0  13178-2 0  9995
2 45189  53.0034 259.8822 0001168  90.4666  56.6057 15.05563184 12490
STARLINK-1234           
1 45190U 20012N   20127.83335648  .00006594  00000-0  77776-4 0  9998
2 45190  53.0026 234.6453 0001619  54.0936 153.6068 15.62759314  1810
STARLINK-1236           
1 45191U 20012P   20128.41667824 -.00007815  00000-0 -51759-3 0  9999
2 45191  53.0011 258.7602 0001437 110.1779 276.6868 15.05590631 12824
STARLINK-1237           
1 45192U 20012Q   20128.00001157 -.00035263  00000-0 -24105-2 0  9998
2 45192  53.0040 260.6278 0001247 107.6607 323.5623 15.05619794 12472
STARLINK-1239           
1 45193U 20012R   20128.16667824  .00021129  00000-0  14649-2 0  9991
2 45193  53.0031 259.8734 0001371  97.5592 211.5335 15.05581027 12505
STARLINK-1240           
1 45194U 20012S   20128.16667824  .00021449  00000-0  14869-2 0  9991
2 45194  53.0044 259.8764 0001152  89.4239 201.6106 15.05577016 12495
STARLINK-1241           
1 45195U 20012T   20128.16667824  .00020674  00000-0  14339-2 0  9993
2 45195  53.0055 259.8620 0001403  89.6635 237.4688 15.05579393 12492
STARLINK-1244           
1 45196U 20012U   20128.41667824 -.00006059  00000-0 -39665-3 0  9995
2 45196  53.0017 258.7655 0001513 104.1660 192.7345 15.05612719 12572
STARLINK-1269           
1 45197U 20012V   20128.08334491 -.00025846  00000-0 -17601-2 0  9990
2 45197  53.0004 260.2546 0001105  95.3892 247.7874 15.05602846 12513
STARLINK-1154           
1 45198U 20012W   20128.16667824  .06614511  00000-0  27242+0 0  9995
2 45198  52.9991 240.2313 0004226  27.3226 312.5100 15.18399380 12771
STARLINK-1197           
1 45199U 20012X   20128.41667824  .03607701  00000-0  15524+0 0  9994
2 45199  53.0037 239.0857 0002848 336.7353 276.2343 15.18182022 12802
STARLINK-1198           
1 45200U 20012Y   20128.41667824  .03211241  00000-0  13768+0 0  9995
2 45200  53.0043 239.0868 0002269 323.9729 274.2480 15.18112626 12809
STARLINK-1199           
1 45201U 20012Z   20128.41667824  .02593553  00000-0  11179+0 0  9998
2 45201  53.0041 239.0849 0001301 300.4399 281.7121 15.18135577 12801
STARLINK-1203           
1 45202U 20012AA  20128.41667824 -.00009122  00000-0 -66319-3 0  9993
2 45202  53.0023 258.0823 0001392 106.6221  21.2190 15.02340262 12563
STARLINK-1204           
1 45203U 20012AB  20128.41667824  .01692221  00000-0  76448-1 0  9993
2 45203  53.0039 239.1287 0002734 121.0037  12.0740 15.17449462 12783
STARLINK-1206           
1 45204U 20012AC  20128.41667824  .04698143  00000-0  19344+0 0  9996
2 45204  52.9992 239.0575 0004230  44.3602 338.9199 15.19291543 12816
STARLINK-1208           
1 45205U 20012AD  20128.41667824  .04884200  00000-0  20511+0 0  9996
2 45205  53.0020 239.1004 0004247   0.4063 296.4500 15.18424264 12823
STARLINK-1209           
1 45206U 20012AE  20127.83335648  .00004060  00000-0  50137-4 0  9994
2 45206  53.0009 233.9133 0001259  55.2242 151.2316 15.62762108  1814
STARLINK-1210           
1 45207U 20012AF  20128.41667824  .02231742  00000-0  97991-1 0  9991
2 45207  53.0039 239.0747 0000832 260.9317 306.4970 15.18057710 12808
STARLINK-1211           
1 45208U 20012AG  20128.41667824  .01670546  00000-0  74608-1 0  9990
2 45208  53.0036 239.0646 0001459 165.2818  12.4910 15.17887709 12809
STARLINK-1218           
1 45209U 20012AH  20128.41667824  .05094610  00000-0  20955+0 0  9991
2 45209  52.9994 239.1262 0004489  31.4933 323.4378 15.18949795 12813
STARLINK-1219           
1 45210U 20012AJ  20128.41667824  .01903499  00000-0  83736-1 0  9991
2 45210  53.0044 239.0710 0001081 194.3810 358.2277 15.17980936 12802
STARLINK-1231           
1 45212U 20012AL  20128.00001157  .01573913  00000-0  65369-1 0  9995
2 45212  52.9986 241.0178 0001303 210.7067 354.4898 15.20078518 12751
STARLINK-1232           
1 45213U 20012AM  20128.16667824  .06028448  00000-0  24822+0 0  9992
2 45213  52.9975 240.2482 0004062  48.4573 334.8272 15.18883119 12770
STARLINK-1233           
1 45214U 20012AN  20128.16667824  .03670417  00000-0  16246+0 0  9990
2 45214  53.0000 240.2467 0001432 310.8175 283.8971 15.17111686 12767
STARLINK-1245           
1 45215U 20012AP  20128.16667824  .03500930  00000-0  15244+0 0  9990
2 45215  52.9990 240.2037 0001652 317.0626 278.8889 15.17883069 12764
STARLINK-1254           
1 45216U 20012AQ  20128.00001157  .02077193  00000-0  85165-1 0  9995
2 45216  52.9973 241.0275 0001256 248.1277 331.2789 15.20111625 12742
STARLINK-1271           
1 45217U 20012AR  20128.41667824  .04361098  00000-0  18617+0 0  9998
2 45217  53.0000 239.0896 0003454 353.3095 289.0815 15.18350504 12817
STARLINK-1105           
1 45218U 20012AS  20127.83335648  .00018580  00000-0  20807-3 0  9999
2 45218  53.0024 238.3574 0008428  54.2999 144.3630 15.62747534 12769
STARLINK-1187           
1 45219U 20012AT  20127.83335648  .00011125  00000-0  12695-3 0  9994
2 45219  53.0028 236.9576 0009394  14.1214 145.7748 15.62764114 12788
STARLINK-1188           
1 45220U 20012AU  20128.41667824 -.00017786  00000-0 -18858-3 0  9993
2 45220  53.0027 235.5741 0001686  52.3496 154.3866 15.62784619 12857
STARLINK-1189           
1 45221U 20012AV  20128.00001157 -.00026791  00000-0 -28768-3 0  9997
2 45221  53.0025 237.6072 0001685  46.1267 338.5177 15.62753811 12796
STARLINK-1191           
1 45222U 20012AW  20127.83335648  .00015652  00000-0  17634-3 0  9995
2 45222  53.0010 238.4477 0007318  48.0766 105.9021 15.62747131 12762
STARLINK-1212           
1 45223U 20012AX  20127.91667824 -.00028146  00000-0 -30221-3 0  9990
2 45223  53.0023 237.9484 0005411  50.0562 259.4077 15.62761616 12780
STARLINK-1214           
1 45224U 20012AY  20127.83335648  .00014516  00000-0  16392-3 0  9995
2 45224  53.0017 238.4681 0007470  51.6435  92.1547 15.62757954 12786
STARLINK-1215           
1 45225U 20012AZ  20128.08334491  .00017612  00000-0  19771-3 0  9993
2 45225  53.0025 237.1609 0001806  52.3365 101.7280 15.62758466 12802
STARLINK-1217           
1 45226U 20012BA  20128.08334491  .00018427  00000-0  20673-3 0  9992
2 45226  53.0027 237.1695 0002349  31.3304 115.9411 15.62738559 12773
STARLINK-1221           
1 45227U 20012BB  20127.91667824 -.00023301  00000-0 -24891-3 0  9998
2 45227  53.0020 238.0499 0006741  19.7615 239.8714 15.62760377 12757
STARLINK-1222           
1 45228U 20012BC  20127.91667824 -.00028373  00000-0 -30441-3 0  9991
2 45228  53.0015 238.0553 0006555  41.3406 214.8666 15.62775402 12782
STARLINK-1226           
1 45229U 20012BD  20127.91667824 -.00028962  00000-0 -31115-3 0  9995
2 45229  53.0022 237.9713 0003485  32.3830 266.8487 15.62777872 12788
STARLINK-1227           
1 45230U 20012BE  20127.91667824 -.00026203  00000-0 -28031-3 0  9996
2 45230  53.0022 237.9620 0008486  58.1760 244.4503 15.62779397  1773
STARLINK-1229           
1 45231U 20012BF  20127.91667824 -.00026940  00000-0 -28897-3 0  9995
2 45231  53.0025 237.9977 0001740  25.8223 259.8685 15.62784804  1773
STARLINK-1235           
1 45232U 20012BG  20127.91667824 -.00023711  00000-0 -25328-3 0  9995
2 45232  53.0010 235.0628 0007744  24.0820 247.2879 15.62762050  1779
STARLINK-1238           
1 45233U 20012BH  20128.08334491  .02601586  00000-0  11561+0 0  9998
2 45233  52.9975 240.7016 0003235 102.7947 354.8777 15.17678862 12756
STARLINK-1243           
1 45234U 20012BJ  20127.91667824 -.00002436  00000-0 -14805-3 0  9996
2 45234  53.0029 261.0051 0001134  97.5760 115.7050 15.05585839 12480
STARLINK-1246           
1 45235U 20012BK  20128.16667824  .00020595  00000-0  14294-2 0  9990
2 45235  53.0035 259.8801 0001307  89.3497 111.8159 15.05556937 12523
STARLINK-1247           
1 45236U 20012BL  20127.83335648  .00018138  00000-0  20341-3 0  9991
2 45236  53.0025 238.3663 0001774  38.9654 156.3705 15.62761087 12768
STARLINK-1270           
1 45237U 20012BM  20128.16667824  .00055514  00000-0  60864-3 0  9996
2 45237  53.0016 236.7779 0001379  34.0520 215.5624 15.62724293 12811
STARLINK-1279           
1 45360U 20019A   20128.41667824 -.00009474  00000-0 -97688-4 0  9999
2 45360  52.9992   8.5562 0001586  61.2483 196.6602 15.62766433  8490
STARLINK-1301           
1 45361U 20019B   20127.83335648 -.00026493  00000-0 -28409-3 0  9995
2 45361  52.9989  11.4383 0001285  46.4880 152.4919 15.62783101  1814
STARLINK-1306           
1 45362U 20019C   20127.91667824 -.00028038  00000-0 -19963-2 0  9990
2 45362  52.9980  19.7432 0001255  60.9823 304.4239 15.03990971  8313
STARLINK-1311           
1 45363U 20019D   20127.87087873  .00051509  00000-0  46565-3 0  9992
2 45363  52.9997  12.1303 0002328 221.0671 139.0169 15.67609545  8418
STARLINK-1313           
1 45364U 20019E   20127.91667824 -.00002728  00000-0 -23949-4 0  9991
2 45364  52.9992  10.9909 0001593  60.2453 266.4418 15.62769770  1772
STARLINK-1317           
1 45365U 20019F   20127.91667824 -.00021034  00000-0 -22408-3 0  9991
2 45365  52.9991  10.9987 0001293  52.5664 272.4094 15.62797045  8414
STARLINK-1262           
1 45366U 20019G   20128.08334491  .00027476  00000-0  18990-2 0  9996
2 45366  53.0000  20.2596 0002039  79.6624 196.7789 15.05550873  8314
STARLINK-1273           
1 45367U 20019H   20127.91667824 -.00028483  00000-0 -19420-2 0  9997
2 45367  53.0005  21.0073 0002030  78.5618 265.9658 15.05607051  1757
STARLINK-1276           
1 45368U 20019J   20127.83335648 -.00031804  00000-0 -21714-2 0  9995
2 45368  52.9988  21.3722 0001439  88.6527 308.0499 15.05613425  1791
STARLINK-1277           
1 45369U 20019K   20127.75001157 -.00003856  00000-0 -24551-3 0  9991
2 45369  52.9984  21.7465 0001555  87.8444 234.7587 15.05598722  8268
STARLINK-1281           
1 45370U 20019L   20127.83335648 -.00033806  00000-0 -23106-2 0  9999
2 45370  52.9902  21.4346 0001775  82.4646  26.1482 15.05602630  1796
STARLINK-1287           
1 45371U 20019M   20128.16667824  .00038849  00000-0  26702-2 0  9996
2 45371  53.0005  19.8860 0001594  60.6411 253.6000 15.05588495  8323
STARLINK-1288           
1 45372U 20019N   20127.91667824 -.00023845  00000-0 -16226-2 0  9991
2 45372  52.9994  21.0079 0001871  75.8012 250.7111 15.05584661  8286
STARLINK-1295           
1 45373U 20019P   20128.16667824  .00038623  00000-0  26560-2 0  9990
2 45373  52.9994  19.8855 0001916  65.3422 266.9942 15.05572209  8324
STARLINK-1300           
1 45374U 20019Q   20128.16667824  .00037939  00000-0  26102-2 0  9992
2 45374  53.0007  19.8861 0001575  62.0264 288.2428 15.05562828  8320
STARLINK-1302           
1 45375U 20019R   20127.83335648 -.00026545  00000-0 -18090-2 0  9992
2 45375  52.9984  21.3816 0001724  76.1375 194.5652 15.05588555  8273
STARLINK-1304           
1 45376U 20019S   20127.91667824 -.00023725  00000-0 -16133-2 0  9999
2 45376  52.9997  21.0074 0001993  76.4784 196.0707 15.05607987  8286
STARLINK-1305           
1 45377U 20019T   20127.91667824 -.00028629  00000-0 -19525-2 0  9996
2 45377  52.9992  21.0075 0001467  66.8409  43.6671 15.05600673  8299
STARLINK-1310           
1 45378U 20019U   20128.16667824  .00039256  00000-0  26984-2 0  9998
2 45378  52.9985  19.8721 0001409  78.8775  19.4605 15.05580373  8337
STARLINK-1319           
1 45379U 20019V   20127.91667824 -.00026729  00000-0 -18211-2 0  9998
2 45379  52.9982  20.9988 0001677  88.5902  75.9082 15.05601859  8294
STARLINK-1207           
1 45380U 20019W   20128.00001157  .00008688  00000-0  10060-3 0  9999
2 45380  52.9977  11.9970 0001403  63.2126  44.7941 15.62756482  8425
STARLINK-1258           
1 45381U 20019X   20128.16667824  .00034758  00000-0  38395-3 0  9994
2 45381  52.9973  11.1904 0001460  57.6242 258.4393 15.62742653  8431
STARLINK-1264           
1 45382U 20019Y   20128.16667824  .00035647  00000-0  39341-3 0  9995
2 45382  52.9976  11.1582 0001197  58.1853 278.2184 15.62754045  8254
STARLINK-1266           
1 45383U 20019Z   20127.91667824 -.00016669  00000-0 -17656-3 0  9998
2 45383  52.9977  12.4022 0001391  57.9143 297.6179 15.62754462  1776
STARLINK-1267           
1 45384U 20019AA  20127.91667824 -.00017124  00000-0 -18163-3 0  9990
2 45384  52.9977  12.3898 0001366  65.5290 300.1622 15.62743266  1781
STARLINK-1268           
1 45385U 20019AB  20127.66922266  .00004111  00000-0  50540-4 0  9993
2 45385  53.0007  13.7037 0001918  67.7337 292.3879 15.62846832  8367
STARLINK-1272           
1 45386U 20019AC  20128.16667824  .00036113  00000-0  39841-3 0  9993
2 45386  52.9977  11.1751 0001579  54.4823 275.1304 15.62756141  8447
STARLINK-1274           
1 45387U 20019AD  20128.41667824 -.00010087  00000-0 -10450-3 0  9991
2 45387  52.9973   9.9743 0001334  51.1322 225.4116 15.62741812  8467
STARLINK-1280           
1 45388U 20019AE  20128.16667824  .05606383  00000-0  34385+0 0  9996
2 45388  53.0050  17.1629 0002471 202.4601 343.8289 15.04768178  8369
STARLINK-1283           
1 45389U 20019AF  20127.83335648 -.00013833  00000-0 -14545-3 0  9995
2 45389  52.9985   8.3889 0001316  70.5215 148.8568 15.62759693  1819
STARLINK-1284           
1 45390U 20019AG  20127.91667824  .00013200  00000-0  14971-3 0  9999
2 45390  52.9974  12.4100 0001502  59.5365 292.5834 15.62760216  1772
STARLINK-1289           
1 45391U 20019AH  20127.91667824 -.00027878  00000-0 -29983-3 0  9997
2 45391  52.9975  12.4322 0001298  57.1366 281.4253 15.62738048  8123
STARLINK-1290           
1 45392U 20019AJ  20128.16667824  .00033095  00000-0  36609-3 0  9995
2 45392  52.9971  11.2605 0001525  46.7631 238.7846 15.62731137  8162
STARLINK-1291           
1 45393U 20019AK  20127.91667824  .00028158  00000-0  31213-3 0  9998
2 45393  52.9976  12.3745 0007964 358.9959  13.4795 15.62733494  1789
STARLINK-1292           
1 45394U 20019AL  20128.16667824  .00034296  00000-0  37896-3 0  9990
2 45394  52.9971  11.2106 0001378  55.3595 257.2797 15.62741584  8170
STARLINK-1297           
1 45395U 20019AM  20128.41667824 -.00011802  00000-0 -12312-3 0  9995
2 45395  52.9993  10.0457 0001331  55.8304 193.6104 15.62776957  8237
STARLINK-1303           
1 45396U 20019AN  20128.16667824  .00034939  00000-0  38571-3 0  9997
2 45396  52.9969  11.2248 0001543  51.3238 251.1563 15.62755930  8152
STARLINK-1307           
1 45397U 20019AP  20128.16667824  .00032964  00000-0  36456-3 0  9994
2 45397  52.9987  11.2462 0001186  51.6768 237.2689 15.62739262  8261
STARLINK-1312           
1 45398U 20019AQ  20128.16667824  .00035570  00000-0  39294-3 0  9994
2 45398  52.9994  11.2176 0001516  56.1041 242.9683 15.62729459  8199
STARLINK-1255           
1 45399U 20019AR  20128.08334491  .00054286  00000-0  59624-3 0  9991
2 45399  52.9970  11.7269 0001559  61.8993 106.0538 15.62687292  8230
STARLINK-1213           
1 45400U 20019AS  20128.08334491  .00041796  00000-0  46002-3 0  9992
2 45400  52.9977  11.5654 0001539  63.9718 158.2299 15.62748309  8164
STARLINK-1256           
1 45401U 20019AT  20127.91667824 -.00012875  00000-0 -13457-3 0  9999
2 45401  52.9974  12.3884 0001396  65.2755 302.0923 15.62830305  8210
STARLINK-1257           
1 45402U 20019AU  20127.83335648 -.00030988  00000-0 -33354-3 0  9990
2 45402  52.9976  12.7779 0001469  54.9308 206.7716 15.62777127  1811
STARLINK-1259           
1 45403U 20019AV  20128.16667824  .00035661  00000-0  39359-3 0  9994
2 45403  52.9972  11.1723 0001483  56.9530 267.5671 15.62751938  8246
STARLINK-1260           
1 45404U 20019AW  20128.41667824 -.00010547  00000-0 -10951-3 0  9998
2 45404  52.9981   9.9788 0001188  59.8416 218.4010 15.62749048  8195
STARLINK-1263           
1 45405U 20019AX  20128.16667824  .00035486  00000-0  39176-3 0  9998
2 45405  52.9973  11.1649 0001376  61.5185 266.3825 15.62747661  8151
STARLINK-1265           
1 45406U 20019AY  20128.08334491  .00040562  00000-0  44682-3 0  9990
2 45406  52.9975  11.6105 0001474  61.2250 147.4246 15.62740172  8140
STARLINK-1275           
1 45407U 20019AZ  20128.41667824 -.00009580  00000-0 -98928-4 0  9997
2 45407  52.9972   9.9942 0001288  59.2602 212.2038 15.62748010  8192
STARLINK-1278           
1 45408U 20019BA  20128.41667824  .02024739  00000-0  12901+0 0  9993
2 45408  53.0046  16.0168 0003454 120.8727 347.3323 15.04904927  8123
STARLINK-1282           
1 45409U 20019BB  20127.91667824  .00012788  00000-0  14523-3 0  9993
2 45409  52.9996  12.4480 0001232  68.0475 262.0532 15.62759211  8121
STARLINK-1285           
1 45410U 20019BC  20128.16667824  .00035235  00000-0  38900-3 0  9990
2 45410  52.9978  11.1821 0001612  61.5920 259.5428 15.62750126  8157
STARLINK-1293           
1 45411U 20019BD  20127.91667824 -.00015198  00000-0 -16039-3 0  9990
2 45411  52.9994  12.4966 0001506  58.8504 257.6612 15.62761944  1774
STARLINK-1296           
1 45412U 20019BE  20128.16667824  .00036106  00000-0  39917-3 0  9999
2 45412  52.9974  11.1976 0001458  60.5014 253.8165 15.62702321  8156
STARLINK-1298           
1 45413U 20019BF  20128.41667824 -.00011234  00000-0 -11688-3 0  9990
2 45413  52.9970  10.0300 0001280  61.4906 193.0260 15.62782935  8289
STARLINK-1309           
1 45414U 20019BG  20127.91667824 -.00015958  00000-0 -16892-3 0  9994
2 45414  52.9990  12.4476 0001422  61.2056 272.2721 15.62731614  8138
STARLINK-1316           
1 45415U 20019BH  20128.16667824  .00038921  00000-0  42870-3 0  9991
2 45415  52.9973  11.1538 0001336  61.8825 279.6243 15.62761803  8176
STARLINK-1318           
1 45416U 20019BJ  20128.16667824  .00034324  00000-0  37969-3 0  9998
2 45416  52.9976  11.2173 0001495  46.9462 260.5925 15.62712429  8168
STARLINK-1286           
1 45417U 20019BK  20128.08334491  .00029833  00000-0  21494-2 0  9995
2 45417  52.9982  19.3757 0001356  57.0868 161.2096 15.03952906  8327
STARLINK-1299           
1 45418U 20019BL  20128.41667824  .05045477  00000-0  30648+0 0  9997
2 45418  52.9997  15.7838 0002005 241.5978 339.5734 15.05635492  8147
STARLINK-1308           
1 45419U 20019BM  20128.05850646  .00066660  00000-0  46987-2 0  9992
2 45419  53.0073  20.1248 0002051  82.8680 277.2541 15.04387276  8054
STARLINK-1329           
1 45531U 20025A   20127.91667824  .01992146  00000-0  17840-1 0  9995
2 45531  53.0074 329.8287 0003022 105.7553 332.1210 15.64533298  2933
STARLINK-1338           
1 45532U 20025B   20128.16667824  .03789013  00000-0  34355-1 0  9993
2 45532  53.0089 328.6026 0002951  82.0496 319.5414 15.63660056  2983
STARLINK-1339           
1 45533U 20025C   20128.16667824  .04009160  00000-0  36328-1 0  9995
2 45533  53.0086 328.6206 0002954  75.6512 319.9238 15.63451706  2978
STARLINK-1341           
1 45534U 20025D   20128.16667824  .03899226  00000-0  35433-1 0  9991
2 45534  53.0088 328.6183 0002998  76.6712 321.4078 15.63490619  2972
STARLINK-1350           
1 45535U 20025E   20128.41667824  .04197937  00000-0  39692-1 0  9992
2 45535  53.0043 327.3956 0003273  44.7819 313.7709 15.62807937  3014
STARLINK-1352           
1 45536U 20025F   20128.16667824  .04180120  00000-0  37734-1 0  9996
2 45536  53.0084 328.6273 0002993  70.1451 319.1644 15.63375235  2984
STARLINK-1353           
1 45537U 20025G   20128.16667824  .03999051  00000-0  36254-1 0  9993
2 45537  53.0087 328.6206 0003048  72.0930 320.9450 15.63450130  2982
STARLINK-1362           
1 45538U 20025H   20128.16667824  .03604904  00000-0  32868-1 0  9991
2 45538  53.0094 328.6010 0003042  84.8267 320.5532 15.63705830  2989
STARLINK-1367           
1 45539U 20025J   20128.16667824  .04444956  00000-0  28130-1 0  9999
2 45539  53.0084 327.9030 0007918 104.6021 284.3539 15.71965473  2971
STARLINK-1369           
1 45540U 20025K   20128.41667824  .04376510  00000-0  41184-1 0  9993
2 45540  53.0049 327.3989 0003414  42.8902 313.1322 15.62775185  3015
STARLINK-1369           
1 45541U 20025L   20128.08334491  .05286470  00000-0  47001-1 0  9998
2 45541  53.0085 329.0383 0003000 340.5717 296.7153 15.63449123  2968
STARLINK-1371           
1 45542U 20025M   20128.41667824  .04177232  00000-0  39285-1 0  9994
2 45542  53.0051 327.3819 0003263  51.1563 316.1601 15.62964652  3001
STARLINK-1372           
1 45543U 20025N   20128.16667824  .03867122  00000-0  35467-1 0  9998
2 45543  53.0086 328.6375 0003026  68.7456 316.9436 15.63285939  2988
STARLINK-1373           
1 45544U 20025P   20128.16667824  .03293756  00000-0  30356-1 0  9997
2 45544  53.0094 328.6002 0003030  83.3801 320.7200 15.63748247  2974
STARLINK-1374           
1 45545U 20025Q   20127.91667824  .02175583  00000-0  19831-1 0  9991
2 45545  53.0075 329.8485 0003172  97.7224 330.5182 15.64319430  2941
STARLINK-1375           
1 45546U 20025R   20128.41667824  .04226015  00000-0  39930-1 0  9999
2 45546  53.0073 327.3961 0003100  47.0607 312.7695 15.62800256  3015
STARLINK-1377           
1 45547U 20025S   20128.41667824  .04268344  00000-0  40270-1 0  9990
2 45547  53.0046 327.3952 0003392  46.0839 316.2869 15.62803050  3012
STARLINK-1378           
1 45548U 20025T   20128.08334491  .05366228  00000-0  47926-1 0  9991
2 45548  53.0082 329.0472 0002891 340.7752 294.2789 15.63263031  2969
STARLINK-1379           
1 45549U 20025U   20127.91667824  .02424682  00000-0  21950-1 0  9997
2 45549  53.0068 329.8644 0003148  87.9168 326.6752 15.64143308  2943
STARLINK-1390           
1 45550U 20025V   20128.16667824  .03294435  00000-0  30374-1 0  9999
2 45550  53.0097 328.6017 0003004  82.6856 320.1577 15.63737524  2970
STARLINK-1294           
1 45551U 20025W   20128.16667824  .04616850  00000-0  31051-1 0  9993
2 45551  53.0096 327.9403 0002416  97.3644 274.0487 15.70963624  2972
STARLINK-1322           
1 45552U 20025X   20128.16667824  .04578535  00000-0  30764-1 0  9991
2 45552  53.0097 327.9364 0002518  94.2561 279.1366 15.71017797  2971
STARLINK-1323           
1 45553U 20025Y   20128.16667824  .04742763  00000-0  31956-1 0  9992
2 45553  53.0095 327.9502 0002288  88.4551 277.2941 15.70818383  2979
STARLINK-1325           
1 45554U 20025Z   20128.16667824  .04519206  00000-0  29733-1 0  9997
2 45554  53.0098 327.9454 0002362  92.0180 277.3436 15.70939094  2974
STARLINK-1327           
1 45555U 20025AA  20128.16667824  .04893812  00000-0  33248-1 0  9992
2 45555  53.0095 327.9746 0001906  79.1548 274.7802 15.70494313  2971
STARLINK-1334           
1 45556U 20025AB  20128.16667824  .04618731  00000-0  31180-1 0  9991
2 45556  53.0097 327.9477 0002421  91.0188 276.7135 15.70871926  2971
STARLINK-1336           
1 45557U 20025AC  20128.16667824  .04702001  00000-0  31806-1 0  9991
2 45557  53.0097 327.9555 0002294  88.8554 274.8339 15.70756030  2971
STARLINK-1342           
1 45558U 20025AD  20128.16667824  .05196916  00000-0  35413-1 0  9993
2 45558  53.0095 327.9994 0001614  64.4882 277.6949 15.70176650  2978
STARLINK-1344           
1 45559U 20025AE  20128.16667824  .04680395  00000-0  31767-1 0  9990
2 45559  53.0098 327.9613 0002142  85.7967 275.7328 15.70690467  2974
STARLINK-1346           
1 45560U 20025AF  20128.16667824  .04725936  00000-0  32064-1 0  9994
2 45560  53.0098 327.9642 0002117  83.2278 276.7851 15.70663010  2974
STARLINK-1348           
1 45561U 20025AG  20128.16667824  .05103557  00000-0  34730-1 0  9997
2 45561  53.0096 327.9917 0001809  69.8114 276.3144 15.70285866  2974
STARLINK-1354           
1 45562U 20025AH  20128.08334491  .04749277  00000-0  31979-1 0  9996
2 45562  53.0096 328.3541 0002102 266.8705 339.4883 15.70827582  2962
STARLINK-1355           
1 45563U 20025AJ  20128.16667824  .05092892  00000-0  34552-1 0  9990
2 45563  53.0096 327.9851 0001942  73.5020 276.2910 15.70369557  2979
STARLINK-1356           
1 45564U 20025AK  20128.00001157  .02136798  00000-0  14425-1 0  9993
2 45564  53.0095 328.8053 0004004 166.5177 322.2485 15.71298137  2943
STARLINK-1357           
1 45565U 20025AL  20128.16667824  .04896567  00000-0  33183-1 0  9991
2 45565  53.0096 327.9709 0002061  81.8918 274.1146 15.70554447  2976
STARLINK-1358           
1 45566U 20025AM  20127.91667824  .03617404  00000-0  24447-1 0  9997
2 45566  53.0073 329.2293 0002584  88.9194 283.9415 15.71135984  2934
STARLINK-1361           
1 45567U 20025AN  20128.16667824  .05308307  00000-0  36200-1 0  9997
2 45567  53.0094 328.0073 0001634  62.2446 275.9667 15.70068906  2973
STARLINK-1363           
1 45568U 20025AP  20128.08334491  .04682139  00000-0  32062-1 0  9999
2 45568  53.0094 328.4081 0002255 252.9896 339.4241 15.70475094  2967
STARLINK-1366           
1 45569U 20025AQ  20128.16667824  .05345502  00000-0  36516-1 0  9997
2 45569  53.0094 328.0109 0001630  59.2842 276.7295 15.69997463  2970
STARLINK-1376           
1 45570U 20025AR  20128.16667824  .05221469  00000-0  35625-1 0  9994
2 45570  53.0095 328.0041 0001627  64.1277 276.1235 15.70126572  2976
STARLINK-1261           
1 45571U 20025AS  20128.16667824  .04574941  00000-0  30804-1 0  9994
2 45571  53.0095 327.9411 0002408  91.9358 278.4560 15.70969640  2979
STARLINK-1320           
1 45572U 20025AT  20127.91667824  .03039596  00000-0  19953-1 0  9990
2 45572  53.0073 329.1762 0003031 108.4625 289.8995 15.71874965  2933
STARLINK-1321           
1 45573U 20025AU  20128.16667824  .05057085  00000-0  34343-1 0  9994
2 45573  53.0095 327.9846 0001858  75.2750 273.9026 15.70373443  2979
STARLINK-1324           
1 45574U 20025AV  20128.16667824  .04561823  00000-0  30713-1 0  9991
2 45574  53.0095 327.9388 0002481  92.3337 279.4499 15.70982683  2972
STARLINK-1326           
1 45575U 20025AW  20128.16667824  .04676114  00000-0  31562-1 0  9995
2 45575  53.0096 327.9500 0002326  90.0412 276.2636 15.70829607  2971
STARLINK-1328           
1 45576U 20025AX  20128.16667824  .04885876  00000-0  33024-1 0  9998
2 45576  53.0095 327.9642 0002159  81.4757 277.4382 15.70627157  2975
STARLINK-1330           
1 45577U 20025AY  20128.16667824  .05152322  00000-0  35029-1 0  9990
2 45577  53.0092 327.9908 0001820  68.5699 276.5579 15.70269745  2976
STARLINK-1331           
1 45578U 20025AZ  20127.91667824  .03029678  00000-0  20134-1 0  9999
2 45578  53.0073 329.1977 0003007 102.4480 284.9256 15.71591344  2936
STARLINK-1332           
1 45579U 20025BA  20128.16667824  .06689521  00000-0  41568-1 0  9994
2 45579  53.0086 328.0845 0005013  82.7916 217.6200 15.72043897  2978
STARLINK-1333           
1 45580U 20025BB  20128.00001157  .02538007  00000-0  16877-1 0  9993
2 45580  53.0096 328.7731 0003714 178.3998 326.3193 15.71627719  2946
STARLINK-1335           
1 45581U 20025BC  20128.16667824  .04844130  00000-0  32931-1 0  9998
2 45581  53.0094 327.9714 0001997  81.3498 273.5422 15.70519659  2979
STARLINK-1337           
1 45582U 20025BD  20128.16667824  .05155191  00000-0  35146-1 0  9993
2 45582  53.0094 327.9960 0001675  67.8543 275.3143 15.70198603  2978
STARLINK-1340           
1 45583U 20025BE  20128.16667824  .05021051  00000-0  33993-1 0  9999
2 45583  53.0096 327.9781 0002050  78.4251 274.5535 15.70478904  2975
STARLINK-1343           
1 45584U 20025BF  20128.16667824  .04680151  00000-0  31752-1 0  9992
2 45584  53.0096 327.9618 0002114  83.7107 276.9906 15.70700611  2976
STARLINK-1345           
1 45585U 20025BG  20128.16667824  .05007597  00000-0  34020-1 0  9992
2 45585  53.0097 327.9827 0001838  72.3792 278.4147 15.70403506  2973
STARLINK-1347           
1 45586U 20025BH  20128.16667824  .04959131  00000-0  33507-1 0  9991
2 45586  53.0096 327.9692 0002109  78.4080 278.5557 15.70577085  2972
STARLINK-1349           
1 45587U 20025BJ  20128.16667824  .04738354  00000-0  31970-1 0  9996
2 45587  53.0097 327.9541 0002310  86.1341 278.5759 15.70788998  2978
STARLINK-1360           
1 45588U 20025BK  20128.16667824  .05309609  00000-0  36178-1 0  9990
2 45588  53.0093 328.0032 0001619  65.8366 273.3341 15.70088500  2976
STARLINK-1364           
1 45589U 20025BL  20128.16667824  .05227298  00000-0  35626-1 0  9991
2 45589  53.0093 327.9995 0001589  64.5223 276.7284 15.70148021  2975
STARLINK-1365           
1 45590U 20025BM  20128.16667824  .05216556  00000-0  36060-1 0  9991
2 45590  53.0092 328.0081 0001612  61.3675 275.1040 15.69811555  2977
FALCON 9 DEB            
1 45591U 20025BN  20128.11612470  .00520833  11510-4  42760-3 0  9993
2 45591  53.0061 326.8491 0080651 106.0655 254.9276 16.06385129  2296
FALCON 9 DEB            
1 45592U 20025BP  20128.11029151  .00324407  11522-4  26903-3 0  9995
2 45592  53.0043 326.8062 0077317 105.8402 255.1170 16.06811370  2291
FALCON 9 DEB            
1 45593U 20025BQ  20128.10030007  .00404961  11554-4  31689-3 0  9993
2 45593  53.0048 326.7329 0073431 102.3067 258.6199 16.08116961  2299
FALCON 9 DEB            
1 45594U 20025BR  20128.10178120  .00510006  11552-4  40025-3 0  9993
2 45594  53.0052 326.7415 0073246 102.4290 258.4951 16.08081828  2291
