STARLINK-31             
1 44235U 19029A   20126.91668981 -.00030087  00000-0 -17159-2 0  9993
2 44235  53.0034  43.7235 0001642  70.6165 234.2834 15.12133985 53784
STARLINK-22             
1 44236U 19029B   20127.25001157 -.00008737  00000-0 -10813-3 0  9996
2 44236  53.0044  13.8661 0011889  77.0498 264.6808 15.57849780 54225
STARLINK-23             
1 44237U 19029C   20127.25001157  .00039064  00000-0  22475-2 0  9998
2 44237  52.9994  41.9818 0001281  83.7529 200.6087 15.12103294 52713
STARLINK-24             
1 44238U 19029D   20126.88197961  .00002109  00000-0  13537-3 0  9996
2 44238  52.9986  42.6253 0001444  75.0971 285.0180 15.12868577 51040
STARLINK-25             
1 44239U 19029E   20127.25001157  .00033601  00000-0  19358-2 0  9997
2 44239  53.0068  42.4848 0001581  74.2119 300.1875 15.12126674 52630
STARLINK-26             
1 44240U 19029F   20127.25001157 -.00003921  00000-0 -74787-4 0  9992
2 44240  53.0100   6.0815 0001051  85.0389 112.8734 15.44317350 53215
STARLINK-27             
1 44241U 19029G   20126.91668981 -.00030385  00000-0 -17323-2 0  9994
2 44241  53.0059  43.8657 0001634  65.7717 257.1200 15.12151356 52654
STARLINK-28             
1 44242U 19029H   20126.91668981 -.00028431  00000-0 -36670-3 0  9991
2 44242  52.9951   9.3502 0002918  91.1020 346.0828 15.58037499  1778
STARLINK-29             
1 44243U 19029J   20127.25001157 -.00024771  00000-0 -32302-3 0  9997
2 44243  53.0024 316.3250 0011428  76.4857 162.4051 15.57575056 53896
STARLINK-30             
1 44244U 19029K   20127.25001157  .00032155  00000-0  18538-2 0  9995
2 44244  53.0008  41.8769 0001962  68.0623 156.3385 15.12121894 52679
STARLINK-21             
1 44245U 19029L   20127.25001157  .00036905  00000-0  21248-2 0  9995
2 44245  52.9987  42.0551 0001478  71.4021 236.9576 15.12104047 52698
STARLINK-33             
1 44247U 19029N   20127.25001157 -.00015302  00000-0 -19573-3 0  9996
2 44247  53.0059   9.4422 0003046  86.5605  13.3073 15.57802782 53199
STARLINK-34             
1 44248U 19029P   20127.25001157  .00002976  00000-0  43974-4 0  9991
2 44248  53.0013  19.0936 0002401  63.0877  42.8808 15.58992520 52960
STARLINK-61             
1 44249U 19029Q   20127.25001157  .00019139  00000-0  94189-3 0  9994
2 44249  52.9992  30.6291 0005421 236.8593  72.5589 15.18021085 52879
STARLINK-36             
1 44250U 19029R   20126.91668981 -.00030506  00000-0 -17405-2 0  9990
2 44250  53.0007  43.4817 0001748  85.4500 153.4836 15.12125892 52611
STARLINK-37             
1 44251U 19029S   20126.91668981  .00008933  00000-0  52893-3 0  9999
2 44251  52.9826  42.5797 0001787  85.7432 159.0920 15.12126537 52596
STARLINK-71             
1 44252U 19029T   20127.11606879  .00001860  00000-0  12362-3 0  9990
2 44252  53.0025  41.7204 0001670  71.4598 288.6574 15.12180373 52626
STARLINK-39             
1 44253U 19029U   20126.91668981 -.00030803  00000-0 -17562-2 0  9997
2 44253  53.0057  43.8287 0001577  74.4356 236.4619 15.12156283  1759
STARLINK-32             
1 44254U 19029V   20126.91668981 -.00030073  00000-0 -17153-2 0  9993
2 44254  52.9995  43.4851 0001582  83.2706 179.6641 15.12129948 52606
STARLINK-66             
1 44255U 19029W   20127.25001157 -.00013755  00000-0 -17573-3 0  9993
2 44255  53.0034   9.2205 0002687  84.8655 348.3880 15.57730319 53119
STARLINK-42             
1 44256U 19029X   20126.91668981 -.00022506  00000-0 -28919-3 0  9990
2 44256  52.9949  11.9238 0003581 106.6087  68.4937 15.57987426  1776
STARLINK-43             
1 44257U 19029Y   20126.91668981 -.00012418  00000-0 -39379-3 0  9994
2 44257  53.0021 356.1728 0002598  84.4073 235.4905 15.31306921 53329
STARLINK-40             
1 44258U 19029Z   20127.25001157  .00029104  00000-0  16811-2 0  9992
2 44258  53.0000  41.9795 0001559  79.6001 192.7922 15.12103268 52694
STARLINK-52             
1 44259U 19029AA  20127.25001157 -.00019859  00000-0 -25756-3 0  9990
2 44259  53.0033 318.0715 0003051 104.1763 350.6956 15.57656126 53754
STARLINK-45             
1 44260U 19029AB  20127.25001157  .06563691  00000-0  33501+0 0  9997
2 44260  53.0093  40.8865 0001807 322.1341 340.1640 15.11591266 52766
STARLINK-44             
1 44261U 19029AC  20127.25001157  .00032715  00000-0  18869-2 0  9993
2 44261  53.0000  41.9589 0001340  70.4089 195.9857 15.12098000 52703
STARLINK-49             
1 44262U 19029AD  20126.91668981 -.00029067  00000-0 -16563-2 0  9997
2 44262  53.0056  43.8737 0001525  86.1450 242.7030 15.12147840 52668
STARLINK-72             
1 44263U 19029AE  20126.91668981 -.00027568  00000-0 -15690-2 0  9992
2 44263  53.0017  43.3347 0001371  88.6943 114.1323 15.12162749 52652
STARLINK-35             
1 44264U 19029AF  20126.91668981 -.00031122  00000-0 -17755-2 0  9998
2 44264  53.0010  43.4237 0001661  89.4479 131.3855 15.12139234 52643
STARLINK-63             
1 44265U 19029AG  20127.25001157  .00030028  00000-0  17337-2 0  9991
2 44265  53.0002  41.2857 0001402  82.2301 160.1173 15.12103496 52720
STARLINK-54             
1 44266U 19029AH  20126.91668981 -.00032268  00000-0 -18408-2 0  9998
2 44266  52.9952  42.7707 0001846  73.6773 297.2297 15.12157933  1764
STARLINK-69             
1 44267U 19029AJ  20127.25001157  .00037460  00000-0  21562-2 0  9995
2 44267  53.0004  41.1299 0001732  77.8133 236.5453 15.12106234 52690
STARLINK-55             
1 44268U 19029AK  20127.25001157 -.00015202  00000-0 -19170-3 0  9991
2 44268  52.9955   8.5815 0002792  90.3326  85.0601 15.58171377 53127
STARLINK-57             
1 44269U 19029AL  20126.91668981 -.00031403  00000-0 -17914-2 0  9992
2 44269  52.9996  43.1769 0001923  86.9299 247.9282 15.12145987 52683
STARLINK-58             
1 44270U 19029AM  20126.91668981 -.00022635  00000-0 -27598-3 0  9991
2 44270  53.0031  20.9148 0003268  88.3281  63.6473 15.59368910  1775
STARLINK-59             
1 44271U 19029AN  20126.91668981 -.00010270  00000-0 -57281-3 0  9996
2 44271  52.9987  42.7236 0001566  87.3399 103.4595 15.12136275 52671
STARLINK-51             
1 44272U 19029AP  20127.25001157  .00031307  00000-0  18066-2 0  9990
2 44272  52.9990  41.8380 0001582  77.3898 152.9409 15.12102212 52696
STARLINK-60             
1 44273U 19029AQ  20126.98813286  .00043752  00000-0  61111-3 0  9991
2 44273  52.9964 308.6430 0004311 295.4004  64.6559 15.56438462 53977
STARLINK-62             
1 44274U 19029AR  20127.25001157  .00002642  00000-0  39687-4 0  9996
2 44274  53.0060  19.1182 0003197  90.7930  18.0159 15.59050404 53002
STARLINK-64             
1 44275U 19029AS  20126.91668981 -.00023516  00000-0 -62104-3 0  9997
2 44275  52.9922  25.0301 0005818 165.5360  97.8754 15.37498088 52888
STARLINK-65             
1 44276U 19029AT  20126.91668981 -.00029943  00000-0 -17062-2 0  9990
2 44276  53.0018  43.3071 0001591  81.4937  85.3246 15.12162246 52654
STARLINK-41             
1 44277U 19029AU  20126.91668981 -.00026218  00000-0 -29878-3 0  9992
2 44277  53.0069  13.3060 0009620  80.0217  82.1588 15.61150256  1776
STARLINK-67             
1 44278U 19029AV  20127.25001157  .00096468  14986-4  22396-3 0  9999
2 44278  52.9911 224.3420 0007852  62.3418  24.9148 15.97017288 55137
STARLINK-68             
1 44279U 19029AW  20126.91668981 -.00015352  00000-0 -86535-3 0  9994
2 44279  53.0009  42.2809 0001528  84.9237 147.8927 15.12134717 52624
STARLINK-38             
1 44280U 19029AX  20127.25001157  .00035706  00000-0  20560-2 0  9998
2 44280  53.0014  41.7583 0001948  66.5169 121.8159 15.12114877 52715
STARLINK-70             
1 44281U 19029AY  20126.91668981 -.00029893  00000-0 -17050-2 0  9997
2 44281  53.0016  42.8300 0001389  88.7987 192.1757 15.12128012 52609
STARLINK-80             
1 44282U 19029AZ  20127.09062132  .00005112  00000-0  21545-3 0  9995
2 44282  53.0217   9.2296 0005462 102.6085 257.5523 15.25012456 53140
STARLINK-56             
1 44283U 19029BA  20127.25001157  .00034344  00000-0  19791-2 0  9992
2 44283  53.0015  41.8425 0001431  68.2846 132.1039 15.12106738 52712
STARLINK-73             
1 44284U 19029BB  20127.25001157  .00034852  00000-0  20076-2 0  9995
2 44284  53.0014  41.8165 0001677  75.4382 118.8793 15.12113727 52703
STARLINK-50             
1 44285U 19029BC  20127.25001157  .00032189  00000-0  18557-2 0  9998
2 44285  52.9997  41.8087 0001761  77.7880 134.6500 15.12123075 53763
STARLINK-75             
1 44286U 19029BD  20127.25001157 -.00009385  00000-0 -11732-3 0  9992
2 44286  53.0061  10.8461 0011027 105.7746 285.8787 15.57717203 54206
STARLINK-76             
1 44287U 19029BE  20126.91668981 -.00012292  00000-0 -68917-3 0  9997
2 44287  52.9995  43.5137 0001466  98.2345 176.6103 15.12134677 53714
STARLINK-79             
1 44288U 19029BF  20127.25001157  .00032117  00000-0  18526-2 0  9998
2 44288  53.0062  42.4396 0001527  91.3303 271.0513 15.12103747 53778
STARLINK-48             
1 44289U 19029BG  20126.91668981 -.00030334  00000-0 -13898-2 0  9993
2 44289  53.0029  18.6846 0003072  67.8818 314.7816 15.19796696  1764
STARLINK-78             
1 44290U 19029BH  20126.91668981 -.00030208  00000-0 -17221-2 0  9999
2 44290  53.0060  43.8418 0001373  79.9728 260.8884 15.12150554  1757
STARLINK-77             
1 44291U 19029BJ  20126.91668981 -.00032406  00000-0 -18490-2 0  9991
2 44291  53.0066  44.0226 0001696  82.5851 282.2706 15.12154884  1761
STARLINK-81             
1 44292U 19029BK  20127.25001157  .00033224  00000-0  19154-2 0  9991
2 44292  53.0064  42.5381 0001649  62.4072 329.9773 15.12107234 53762
STARLINK-74             
1 44293U 19029BL  20127.25001157  .00032004  00000-0  18455-2 0  9990
2 44293  53.0059  42.3868 0001656  73.5018 258.8565 15.12116650 53767
STARLINK-53             
1 44294U 19029BM  20127.25001157  .00037173  00000-0  21395-2 0  9990
2 44294  52.9982  41.1789 0001459  86.0382  90.3616 15.12112642 53778
STARLINK-1007           
1 44713U 19074A   20126.91668981 -.00031747  00000-0 -21680-2 0  9992
2 44713  52.9995  45.4946 0001771  73.0953 138.1825 15.05603287 27335
STARLINK-1008           
1 44714U 19074B   20127.25001157  .00035793  00000-0  24649-2 0  9998
2 44714  53.0015  43.9833 0001806  56.7128 252.2259 15.05555133 27380
STARLINK-1009           
1 44715U 19074C   20127.25001157  .00040061  00000-0  27552-2 0  9999
2 44715  52.9975  44.0132 0001576  69.8389 293.1566 15.05550459 27376
STARLINK-1010           
1 44716U 19074D   20127.25001157  .00033020  00000-0  26349-2 0  9990
2 44716  52.9704  42.1574 0001590  55.5799 321.9801 15.00020174 27406
STARLINK-1011           
1 44717U 19074E   20127.25001157  .00041134  00000-0  28258-2 0  9997
2 44717  52.9981  63.9994 0001604  78.6435 156.2525 15.05580781 27109
STARLINK-1012           
1 44718U 19074F   20126.91668981 -.00033008  00000-0 -22554-2 0  9990
2 44718  52.9985  45.4934 0001784  72.9126 354.3499 15.05601346  1762
STARLINK-1013           
1 44719U 19074G   20126.91668981 -.00019118  00000-0 -12962-2 0  9999
2 44719  52.9989  45.4943 0001454  73.7069 299.5912 15.05586464  1769
STARLINK-1014           
1 44720U 19074H   20126.91668981 -.00028484  00000-0 -19408-2 0  9999
2 44720  53.0023  45.4798 0007717 341.3397 301.9515 15.05604537 27336
STARLINK-1015           
1 44721U 19074J   20126.91668981 -.00029560  00000-0 -20169-2 0  9992
2 44721  52.9920  45.5230 0001705  77.3006 260.0316 15.05599682 27324
STARLINK-1016           
1 44722U 19074K   20127.25001157  .00032366  00000-0  22314-2 0  9997
2 44722  53.0046  43.9762 0001783  64.2622 262.7049 15.05561846 27382
STARLINK-1017           
1 44723U 19074L   20126.91668981 -.00029869  00000-0 -20386-2 0  9997
2 44723  52.9995  45.4922 0001812  74.4227 172.9414 15.05593952 27332
STARLINK-1019           
1 44724U 19074M   20126.91668981 -.00032407  00000-0 -22138-2 0  9997
2 44724  52.9982  45.4955 0001754  78.9879   6.2696 15.05602400  1761
STARLINK-1020           
1 44725U 19074N   20127.25001157  .00037187  00000-0  25592-2 0  9997
2 44725  52.9981  63.9960 0001293  82.2020 296.5851 15.05561595 27096
STARLINK-1021           
1 44726U 19074P   20126.91668981 -.00034298  00000-0 -23453-2 0  9990
2 44726  52.9988  45.4951 0001657  72.5309  30.7799 15.05592570  1767
STARLINK-1022           
1 44727U 19074Q   20126.91668981 -.00000403  00000-0 -84968-5 0  9993
2 44727  53.0112  85.4254 0001507  81.3529  92.1399 15.05574063 26789
STARLINK-1023           
1 44728U 19074R   20126.91668981 -.00036564  00000-0 -27305-2 0  9990
2 44728  52.9976  45.0319 0001514  74.4322  35.5317 15.02333107 27334
STARLINK-1024           
1 44729U 19074S   20126.91668981 -.00013444  00000-0 -90442-3 0  9996
2 44729  52.9984  65.4885 0001504  93.8571 187.2912 15.05614880 27056
STARLINK-1025           
1 44730U 19074T   20126.91668981 -.00028507  00000-0 -19439-2 0  9990
2 44730  52.9988  45.4947 0001797  73.9698 191.3101 15.05602995 27333
STARLINK-1026           
1 44731U 19074U   20126.91668981 -.00031798  00000-0 -21713-2 0  9995
2 44731  52.9999  45.4963 0001879  63.2213 328.1252 15.05607978  1762
STARLINK-1027           
1 44732U 19074V   20127.25001157  .00042163  00000-0  28984-2 0  9993
2 44732  53.0005  63.9982 0001579  68.5586   4.3533 15.05544672 27097
STARLINK-1028           
1 44733U 19074W   20126.91668981 -.00033745  00000-0 -23067-2 0  9995
2 44733  52.9993  45.4970 0001751  77.2738  44.0263 15.05598091 27323
STARLINK-1029           
1 44734U 19074X   20127.25001157  .00009614  00000-0  11882-3 0  9999
2 44734  52.9990  23.0770 0005033 149.0427 150.5738 15.60891714 27678
STARLINK-1030           
1 44735U 19074Y   20126.91668981 -.00015571  00000-0 -10513-2 0  9996
2 44735  52.9974  65.4951 0001520  80.9871 308.2118 15.05598143 27049
STARLINK-1031           
1 44736U 19074Z   20127.25001157  .04718310  00000-0  35353+0 0  9990
2 44736  52.9993  63.9522 0002715  39.2988 322.7241 14.97917549 27101
STARLINK-1032           
1 44737U 19074AA  20127.25001157  .00039098  00000-0  26892-2 0  9997
2 44737  52.9986  63.9936 0001591  69.6447 183.1541 15.05558803 27107
STARLINK-1033           
1 44738U 19074AB  20127.25001157  .00039212  00000-0  26966-2 0  9998
2 44738  52.9953  64.0170 0001530  73.9460 250.8831 15.05563552 27099
STARLINK-1052           
1 44739U 19074AC  20126.91668981 -.00018249  00000-0 -12355-2 0  9991
2 44739  52.9979  65.4923 0001478  87.2452 265.9894 15.05609411  1755
STARLINK-1035           
1 44740U 19074AD  20127.25001157  .00040216  00000-0  27641-2 0  9998
2 44740  52.9981  63.9971 0001839  73.2124 197.6858 15.05572478 27108
STARLINK-1036           
1 44741U 19074AE  20126.91668981 -.00012369  00000-0 -83041-3 0  9992
2 44741  52.9999  65.4927 0001409  85.6130 123.5368 15.05615567 27058
STARLINK-1037           
1 44742U 19074AF  20127.07996279  .00001511  00000-0  12192-3 0  9999
2 44742  53.0001  64.6770 0000419  23.7085 336.3922 15.05874920 27076
STARLINK-1038           
1 44743U 19074AG  20127.25001157  .00023810  00000-0  16481-2 0  9992
2 44743  52.9986  83.9982 0001648  80.8437 208.3278 15.05572300 26827
STARLINK-1039           
1 44744U 19074AH  20127.25001157  .00024114  00000-0  16690-2 0  9993
2 44744  52.9975  84.0006 0001762  79.0190 174.0850 15.05569148 26829
STARLINK-1040           
1 44745U 19074AJ  20126.83885317  .00043777  00000-0  15785-3 0  9996
2 44745  52.9901   6.2546 0003798  65.4693 294.6727 15.88230633 27695
STARLINK-1041           
1 44746U 19074AK  20127.25001157  .00021822  00000-0  15117-2 0  9991
2 44746  52.9988  83.9969 0001377  78.7034 228.3927 15.05592740 26828
STARLINK-1042           
1 44747U 19074AL  20127.25001157  .00023140  00000-0  16027-2 0  9998
2 44747  53.0087  83.9359 0001508  67.8829  95.2412 15.05566721 26832
STARLINK-1043           
1 44748U 19074AM  20126.91668981  .00003385  00000-0  25141-3 0  9992
2 44748  53.0025  85.4743 0001784  85.0276 286.4385 15.05571611  1765
STARLINK-1044           
1 44749U 19074AN  20126.91668981 -.00018861  00000-0 -12782-2 0  9996
2 44749  52.9985  65.4952 0001657  78.1564 112.9612 15.05595199 27054
STARLINK-1045           
1 44750U 19074AP  20126.91668981  .00013600  00000-0  95121-3 0  9991
2 44750  52.9965  85.4933 0001494  82.4931 145.0004 15.05562950 26779
STARLINK-1046           
1 44751U 19074AQ  20127.25001157  .00024495  00000-0  16949-2 0  9990
2 44751  52.9967  83.9987 0001414  83.4412 187.6803 15.05569962 26826
STARLINK-1047           
1 44752U 19074AR  20126.91668981 -.00019844  00000-0 -13466-2 0  9992
2 44752  52.9982  65.4957 0001722  83.5550  89.6222 15.05578781  1752
STARLINK-1048           
1 44753U 19074AS  20126.91668981 -.00031927  00000-0 -21805-2 0  9995
2 44753  52.9985  45.4992 0001880  83.2758 109.9670 15.05602363 27334
STARLINK-1049           
1 44754U 19074AT  20126.91668981 -.00032547  00000-0 -22232-2 0  9990
2 44754  52.9971  45.4977 0002003  81.0054  94.3084 15.05606152 27332
STARLINK-1050           
1 44755U 19074AU  20127.25001157  .00028266  00000-0  19523-2 0  9995
2 44755  53.0126  83.9202 0001587  76.8762 140.2567 15.05561698 26835
STARLINK-1051           
1 44756U 19074AV  20126.91668981 -.00032790  00000-0 -22406-2 0  9995
2 44756  52.9980  45.4937 0001945  82.5991  74.7296 15.05596372  1757
STARLINK-1034           
1 44757U 19074AW  20126.91668981 -.00020131  00000-0 -13653-2 0  9996
2 44757  52.9974  65.4934 0001746  86.8560  14.3996 15.05607699 27040
STARLINK-1053           
1 44758U 19074AX  20126.91668981  .00005254  00000-0  37930-3 0  9999
2 44758  53.0063  85.4551 0001248  74.9248   8.5035 15.05596612  1769
STARLINK-1054           
1 44759U 19074AY  20127.25001157  .00020771  00000-0  14406-2 0  9997
2 44759  53.0073  83.9476 0001440  76.3504  50.7646 15.05578861 26833
STARLINK-1055           
1 44760U 19074AZ  20127.25001157  .00023558  00000-0  16308-2 0  9998
2 44760  53.0112  83.9261 0001407  73.3951 125.7327 15.05575051 26834
STARLINK-1056           
1 44761U 19074BA  20126.91668981 -.00016124  00000-0 -10896-2 0  9994
2 44761  53.0083  85.4357 0001377  89.5358  47.9972 15.05592517 26782
STARLINK-1057           
1 44762U 19074BB  20126.91668981 -.00019307  00000-0 -13086-2 0  9995
2 44762  53.0000  65.4911 0002119  69.4926  49.7004 15.05604699 27040
STARLINK-1058           
1 44763U 19074BC  20127.25001157  .00014863  00000-0  10378-2 0  9991
2 44763  53.0032  83.9737 0001709  80.2271 316.9745 15.05554695 26821
STARLINK-1059           
1 44764U 19074BD  20127.25001157  .00045786  00000-0  31429-2 0  9990
2 44764  52.9980  63.9965 0001508  86.6477  58.1288 15.05560148 27095
STARLINK-1060           
1 44765U 19074BE  20126.91668981 -.00017827  00000-0 -12066-2 0  9990
2 44765  52.9993  65.4939 0001353  82.5354 324.6734 15.05603781 27048
STARLINK-1061           
1 44766U 19074BF  20127.25001157  .00018053  00000-0  12558-2 0  9991
2 44766  53.0037  83.9656 0001374  81.5715 351.5587 15.05555904 26827
STARLINK-1062           
1 44767U 19074BG  20127.25001157  .00019370  00000-0  13450-2 0  9997
2 44767  53.0063  83.9530 0001595  70.3518  38.7888 15.05578336 26822
STARLINK-1063           
1 44768U 19074BH  20127.25001157  .00015708  00000-0  10944-2 0  9994
2 44768  52.9984  83.9905 0001498  82.2092 260.9617 15.05593726 26829
STARLINK-1064           
1 44769U 19074BJ  20126.91668981  .00000620  00000-0  61653-4 0  9993
2 44769  52.9990  85.4929 0001504 105.7451 211.7544 15.05604317  1755
STARLINK-1065           
1 44770U 19074BK  20126.57887681  .00001440  00000-0  11710-3 0  9996
2 44770  53.0048  86.9356 0000534 136.7654 223.3376 15.05862978 26550
STARLINK-1067           
1 44771U 19074BL  20127.25001157  .00014956  00000-0  10441-2 0  9994
2 44771  53.0017  83.9732 0001746  78.1273 337.0674 15.05556436 26827
STARLINK-1068           
1 44772U 19074BM  20126.91668981 -.00018147  00000-0 -12289-2 0  9991
2 44772  52.9981  65.4907 0001354  88.6878 354.5108 15.05597001 27041
STARLINK-1073           
1 44914U 20001A   20126.91668981 -.00029119  00000-0 -19877-2 0  9992
2 44914  53.0020 205.4952 0001147 115.0247  27.6466 15.05577124  1755
STARLINK-1084           
1 44915U 20001B   20126.91668981 -.00031884  00000-0 -21778-2 0  9998
2 44915  53.0023 205.4928 0001101  93.6762 246.9463 15.05599794 18258
STARLINK-1097           
1 44916U 20001C   20126.91668981 -.00032536  00000-0 -22229-2 0  9996
2 44916  53.0019 205.4942 0001124 117.1134 169.5210 15.05600439 18259
STARLINK-1098           
1 44917U 20001D   20126.91668981 -.00032249  00000-0 -22029-2 0  9996
2 44917  53.0001 205.4915 0001089 107.9732 214.7092 15.05602950 18253
STARLINK-1099           
1 44918U 20001E   20126.91668981 -.00032616  00000-0 -22284-2 0  9998
2 44918  53.0005 205.4900 0001402 126.6022 142.0782 15.05600157  1754
STARLINK-1101           
1 44919U 20001F   20127.25001157  .00003278  00000-0  24412-3 0  9999
2 44919  52.9995 203.9973 0001405 132.8204  71.5352 15.05568002 18308
STARLINK-1102           
1 44920U 20001G   20126.91668981 -.00021953  00000-0 -14920-2 0  9991
2 44920  52.9996 205.4926 0001196  97.7130  80.9891 15.05584489 18253
STARLINK-1103           
1 44921U 20001H   20126.91668981 -.00029755  00000-0 -20314-2 0  9994
2 44921  52.9995 205.4936 0001306 113.4506 101.1847 15.05583258  1757
STARLINK-1104           
1 44922U 20001J   20126.91668981 -.00030723  00000-0 -20987-2 0  9998
2 44922  53.0009 205.4931 0001004 101.1196 149.4892 15.05577946  1757
STARLINK-1106           
1 44923U 20001K   20126.91668981 -.00030629  00000-0 -20912-2 0  9992
2 44923  53.0002 205.4948 0001303 101.5595   5.1256 15.05595227 18255
STARLINK-1111           
1 44924U 20001L   20126.91668981 -.00028864  00000-0 -19693-2 0  9995
2 44924  52.9997 205.4954 0001127 111.6906  49.0013 15.05590837  1753
STARLINK-1112           
1 44925U 20001M   20126.91668981 -.00029774  00000-0 -20314-2 0  9999
2 44925  53.0016 205.4941 0001141  94.5742 354.1474 15.05607029  1761
STARLINK-1113           
1 44926U 20001N   20126.91668981 -.00029607  00000-0 -20203-2 0  9992
2 44926  53.0032 205.4803 0001173 107.9495 304.7019 15.05599130 18998
STARLINK-1114           
1 44927U 20001P   20126.91668981 -.00031083  00000-0 -21224-2 0  9998
2 44927  53.0016 205.4913 0001242 100.3006 276.3446 15.05598924  1760
STARLINK-1119           
1 44928U 20001Q   20126.91668981 -.00030434  00000-0 -20771-2 0  9994
2 44928  53.0022 205.4927 0000907 109.5568 285.0966 15.05606449  1760
STARLINK-1121           
1 44929U 20001R   20126.91668981 -.00028875  00000-0 -19703-2 0  9994
2 44929  53.0012 205.4972 0001202 110.2785  14.3896 15.05587244  1765
STARLINK-1123           
1 44930U 20001S   20126.91668981 -.00032233  00000-0 -22021-2 0  9996
2 44930  53.0010 205.4920 0000957 117.1491 187.4546 15.05597202 18255
STARLINK-1128           
1 44931U 20001T   20127.25001157  .00005932  00000-0  42591-3 0  9990
2 44931  53.0056 203.9766 0001451 114.2840 324.0345 15.05585217 19040
STARLINK-1130 (DARKSAT) 
1 44932U 20001U   20126.91668981 -.00031497  00000-0 -21521-2 0  9993
2 44932  53.0011 205.4916 0001182  93.1795 265.4902 15.05581506 19483
STARLINK-1144           
1 44933U 20001V   20126.91668981 -.00031074  00000-0 -21220-2 0  9991
2 44933  53.0017 205.4954 0001001 117.2726 115.3612 15.05595988  1755
STARLINK-1071           
1 44934U 20001W   20126.91668981 -.00004883  00000-0 -31625-3 0  9991
2 44934  53.0009 185.4948 0001300  79.2321  47.5559 15.05572580 18530
STARLINK-1072           
1 44935U 20001X   20127.25001157 -.00016240  00000-0 -10973-2 0  9998
2 44935  53.0019 183.9945 0000892 120.4261 175.9642 15.05604024 18582
STARLINK-1078           
1 44936U 20001Y   20127.25001157 -.00019213  00000-0 -13022-2 0  9990
2 44936  52.9994 183.9956 0001284  97.3553  73.1228 15.05602655 18584
STARLINK-1079           
1 44937U 20001Z   20127.25001157 -.00018318  00000-0 -12405-2 0  9990
2 44937  53.0002 183.9925 0001108 112.2442 148.2409 15.05603657 18580
STARLINK-1082           
1 44938U 20001AA  20126.91668981 -.00005194  00000-0 -33732-3 0  9992
2 44938  52.9977 185.5065 0001572  94.8799 301.7340 15.05605022 18531
STARLINK-1083           
1 44939U 20001AB  20127.25001157 -.00022466  00000-0 -15286-2 0  9991
2 44939  52.9868 184.0691 0001249  98.2803 270.1650 15.05554761 18586
STARLINK-1091           
1 44940U 20001AC  20127.25001157 -.00015201  00000-0 -10256-2 0  9994
2 44940  52.9770 184.1209 0001091  98.9380 215.5534 15.05605288 18572
STARLINK-1094           
1 44941U 20001AD  20126.91668981 -.00004635  00000-0 -29892-3 0  9997
2 44941  52.9991 185.4900 0001285  96.5413 102.2468 15.05606830 18534
STARLINK-1096           
1 44942U 20001AE  20127.25001157 -.00011947  00000-0 -80140-3 0  9999
2 44942  53.0008 183.9940 0001449  99.0502 179.3462 15.05613698 18586
STARLINK-1100           
1 44943U 20001AF  20127.25001157 -.00017736  00000-0 -12003-2 0  9994
2 44943  52.9918 184.0369 0001002  89.0295 297.3553 15.05605385 18581
STARLINK-1108           
1 44944U 20001AG  20126.91668981 -.00005239  00000-0 -34057-3 0  9990
2 44944  53.0005 185.4954 0001041 103.1446  41.6758 15.05587466  1752
STARLINK-1109           
1 44945U 20001AH  20127.25001157 -.00014832  00000-0 -10010-2 0  9996
2 44945  52.9789 184.1088 0001267 114.7817 217.6878 15.05577033 18579
STARLINK-1110           
1 44946U 20001AJ  20126.91668981  .07294876  00000-0  43919+0 0  9997
2 44946  52.9995 185.5157 0003719 108.9476 359.7969 15.04937574 18535
STARLINK-1116           
1 44947U 20001AK  20126.91668981 -.00005546  00000-0 -36168-3 0  9999
2 44947  53.0011 185.4909 0000843 106.2532 128.5762 15.05590395  1756
STARLINK-1122           
1 44949U 20001AM  20126.91668981 -.00004907  00000-0 -31777-3 0  9992
2 44949  52.9991 185.4959 0001263 110.6897 322.0825 15.05587572  1763
STARLINK-1125           
1 44950U 20001AN  20126.91668981 -.00006031  00000-0 -39499-3 0  9993
2 44950  52.9860 185.5750 0001146  90.3914 252.3897 15.05588075  1756
STARLINK-1126           
1 44951U 20001AP  20127.25001157 -.00036607  00000-0 -25045-2 0  9991
2 44951  52.9987 183.9991 0001427  89.7956 332.6625 15.05604860 19870
STARLINK-1117           
1 44952U 20001AQ  20127.25001157 -.00018875  00000-0 -12789-2 0  9990
2 44952  53.0000 184.0005 0001100 106.5531  81.8733 15.05602665 18583
STARLINK-1124           
1 44953U 20001AR  20127.25001157 -.00016266  00000-0 -10989-2 0  9993
2 44953  53.0001 184.0000 0001328 105.3166 353.1220 15.05609689 19875
STARLINK-1066           
1 44954U 20001AS  20127.25001157  .04786176  00000-0  14078+0 0  9990
2 44954  52.9969 165.1310 0003462 101.8712 344.0264 15.30536655 18797
STARLINK-1069           
1 44955U 20001AT  20127.25001157  .04707347  00000-0  13757+0 0  9997
2 44955  52.9965 165.1205 0003895  85.3117 328.1916 15.30094477 18790
STARLINK-1070           
1 44956U 20001AU  20127.25001157  .04727956  00000-0  14058+0 0  9991
2 44956  52.9972 165.1431 0003856  90.2526 334.0721 15.30236575 18850
STARLINK-1074           
1 44957U 20001AV  20127.25001157  .04044844  00000-0  12453+0 0  9997
2 44957  52.9962 165.0785 0003102  42.1204 294.1702 15.29066569 18840
STARLINK-1075           
1 44958U 20001AW  20127.25001157  .04310878  00000-0  13048+0 0  9992
2 44958  52.9961 165.0702 0003793  52.4868 306.0791 15.29353036 18844
STARLINK-1076           
1 44959U 20001AX  20127.25001157  .04247281  00000-0  13250+0 0  9995
2 44959  52.9948 165.1684 0002276   9.4648 281.7125 15.28416582 18848
STARLINK-1077           
1 44960U 20001AY  20127.25001157  .04367434  00000-0  13134+0 0  9991
2 44960  52.9964 165.0816 0003915  59.0507 310.5952 15.29507248 18851
STARLINK-1080           
1 44961U 20001AZ  20127.25001157  .05238485  00000-0  14798+0 0  9993
2 44961  52.9971 165.0953 0003042 121.3619 351.5183 15.31455035 18850
STARLINK-1081           
1 44962U 20001BA  20127.25001157  .04708225  00000-0  13941+0 0  9996
2 44962  52.9975 165.1576 0003626  96.6992 338.4219 15.30389033 18850
STARLINK-1085           
1 44963U 20001BB  20127.25001157  .04715618  00000-0  13844+0 0  9993
2 44963  52.9978 165.1083 0003996  81.2280 321.3903 15.29937751 19583
STARLINK-1086           
1 44964U 20001BC  20127.25001157  .04650373  00000-0  13744+0 0  9999
2 44964  52.9975 165.1072 0003970  76.8210 314.8397 15.29785730 18855
STARLINK-1087           
1 44965U 20001BD  20127.25001157  .08288593  00000-0  34260-1 0  9993
2 44965  52.9925 161.9174 0001663 189.0635 335.2305 15.80429550 19627
STARLINK-1088           
1 44966U 20001BE  20127.25001157  .04158386  00000-0  12884+0 0  9992
2 44966  52.9962 165.1255 0002896  26.5781 287.2479 15.28738872 18844
STARLINK-1089           
1 44967U 20001BF  20127.25001157  .05118665  00000-0  14641+0 0  9993
2 44967  52.9968 165.1344 0003299 115.2773 336.6093 15.31155530 18855
STARLINK-1090           
1 44968U 20001BG  20127.25001157  .05010381  00000-0  14300+0 0  9992
2 44968  52.9974 165.1082 0003283 114.2952 348.1146 15.31320031 18850
STARLINK-1092           
1 44969U 20001BH  20127.25001157  .04334378  00000-0  13553+0 0  9996
2 44969  52.9960 165.2012 0001832 359.8742 279.9205 15.28246470 18848
STARLINK-1093           
1 44970U 20001BJ  20127.25001157  .04081761  00000-0  12493+0 0  9995
2 44970  52.9963 165.0673 0003411  46.1086 301.3675 15.29222704 18842
STARLINK-1095           
1 44971U 20001BK  20127.25001157  .04359251  00000-0  13052+0 0  9990
2 44971  52.9965 165.0793 0003814  68.7446 311.9174 15.29659033 18856
STARLINK-1107           
1 44972U 20001BL  20127.25001157  .04934308  00000-0  14246+0 0  9999
2 44972  52.9969 165.1632 0003682 103.0950 338.2164 15.31014136 18853
STARLINK-1115           
1 44973U 20001BM  20127.25001157  .04237404  00000-0  13163+0 0  9990
2 44973  52.9962 165.1447 0002610  20.0941 282.4301 15.28569329 18846
STARLINK-1132           
1 45044U 20006A   20126.91668981  .00037669  00000-0  25898-2 0  9999
2 45044  52.9967 125.4909 0001464  70.6693 224.5590 15.05592690 15480
STARLINK-1120           
1 45045U 20006B   20126.91668981  .00042453  00000-0  29164-2 0  9997
2 45045  52.9981 145.4959 0001014  86.4820 206.5676 15.05566091  1758
STARLINK-1129           
1 45046U 20006C   20126.91668981  .00037078  00000-0  25523-2 0  9990
2 45046  52.9955 145.5073 0001313  82.8150 156.2207 15.05554604  1754
STARLINK-1131           
1 45047U 20006D   20126.91668981  .00040673  00000-0  27959-2 0  9991
2 45047  52.9983 145.4937 0001002 115.0243 159.9741 15.05562815  1757
STARLINK-1134           
1 45048U 20006E   20126.91668981  .00059683  00000-0  40844-2 0  9991
2 45048  52.9970 145.4959 0001289  98.3805 122.7330 15.05547158  1757
STARLINK-1135           
1 45049U 20006F   20126.91668981  .00038949  00000-0  26802-2 0  9992
2 45049  52.9964 145.4960 0001540  94.3741 108.7367 15.05543490 15213
STARLINK-1140           
1 45050U 20006G   20126.91668981  .00034878  00000-0  24019-2 0  9999
2 45050  52.9975 145.4984 0001221  90.6838  76.3581 15.05567709  1756
STARLINK-1141           
1 45051U 20006H   20126.91668981  .00034474  00000-0  23744-2 0  9996
2 45051  52.9979 145.4950 0000927  95.3740  89.6587 15.05568518  1752
STARLINK-1148           
1 45052U 20006J   20126.91668981  .00035425  00000-0  24393-2 0  9995
2 45052  52.9951 145.5038 0001282  96.8879  34.1977 15.05564635  1759
STARLINK-1155           
1 45053U 20006K   20126.91668981  .00057987  00000-0  39707-2 0  9998
2 45053  52.9982 145.4953 0000883  93.3003 289.8682 15.05539239 15216
STARLINK-1156           
1 45054U 20006L   20126.91668981  .00035277  00000-0  24293-2 0  9991
2 45054  52.9959 145.4972 0001130 120.2154  28.8216 15.05563281  1757
STARLINK-1157           
1 45055U 20006M   20126.91668981  .07160191  00000-0  20271+0 0  9992
2 45055  52.9959 144.0227 0003281 147.8499 348.0896 15.30653430 15235
STARLINK-1158           
1 45056U 20006N   20126.91668981  .00036212  00000-0  24926-2 0  9996
2 45056  52.9907 145.5201 0000837  86.0302  27.0617 15.05567382  1768
STARLINK-1159           
1 45057U 20006P   20126.91668981  .00051001  00000-0  34963-2 0  9992
2 45057  52.9970 145.4942 0001336  98.8110 320.1709 15.05557745  1764
STARLINK-1162           
1 45058U 20006Q   20126.91668981  .00038354  00000-0  26375-2 0  9997
2 45058  52.9973 145.4910 0001234  92.5104   2.5595 15.05575392 15211
STARLINK-1165           
1 45059U 20006R   20126.91668981  .00044305  00000-0  30435-2 0  9993
2 45059  52.9970 145.4898 0001281  89.4851 257.6148 15.05547394 15218
STARLINK-1166           
1 45060U 20006S   20126.91668981  .00066122  00000-0  45194-2 0  9994
2 45060  52.9981 145.4958 0001455  92.8145 272.3245 15.05543021 15211
STARLINK-1169           
1 45061U 20006T   20126.91668981  .00123169  00000-0  83323-2 0  9996
2 45061  52.9968 145.4919 0001237 107.0870 221.9512 15.05551910  1753
STARLINK-1171           
1 45062U 20006U   20126.91668981  .00041687  00000-0  28632-2 0  9993
2 45062  52.9970 145.4974 0001356  95.1183 305.9685 15.05581622 15217
STARLINK-1178           
1 45063U 20006V   20126.91668981  .00042842  00000-0  29431-2 0  9996
2 45063  52.9989 145.4906 0001095  97.6852 213.3973 15.05562073  1758
STARLINK-1133           
1 45064U 20006W   20126.91668981  .00039712  00000-0  27303-2 0  9995
2 45064  52.9987 125.4862 0001158  79.0810 324.1355 15.05566955  1763
STARLINK-1139           
1 45065U 20006X   20126.91668981  .00041367  00000-0  28419-2 0  9994
2 45065  52.9981 125.4846 0001574  77.6078 307.5715 15.05576889 15501
STARLINK-1145           
1 45066U 20006Y   20126.91668981  .00054998  00000-0  37663-2 0  9990
2 45066  52.9979 125.4983 0001478  65.6284  85.5896 15.05561871  1750
STARLINK-1150           
1 45067U 20006Z   20126.91668981  .00037555  00000-0  25841-2 0  9996
2 45067  53.0145 125.4044 0001459  70.5276   8.6083 15.05563570  1764
STARLINK-1161           
1 45068U 20006AA  20126.91668981  .00033171  00000-0  22856-2 0  9990
2 45068  52.9912 125.5236 0001690  72.5683  60.5814 15.05570613 15490
STARLINK-1163           
1 45069U 20006AB  20126.91668981  .00031626  00000-0  21803-2 0  9995
2 45069  52.9977 125.4922 0001403  60.7074 126.5427 15.05574387 15493
STARLINK-1164           
1 45070U 20006AC  20126.91668981  .00032450  00000-0  22362-2 0  9994
2 45070  52.9976 125.4941 0001582  71.7927 151.5067 15.05576746  1755
STARLINK-1167           
1 45071U 20006AD  20126.91668981  .00033929  00000-0  23364-2 0  9990
2 45071  52.9979 125.4928 0001642  71.1984 188.0484 15.05583470  1758
STARLINK-1168           
1 45072U 20006AE  20126.91668981  .00032776  00000-0  22589-2 0  9998
2 45072  52.9971 125.4923 0001651  67.8009 173.3654 15.05567930  1755
STARLINK-1170           
1 45073U 20006AF  20126.91668981  .00035890  00000-0  24700-2 0  9996
2 45073  52.9963 125.4968 0001687  76.8038  20.4907 15.05577129  1762
STARLINK-1172           
1 45074U 20006AG  20126.91668981  .00068463  00000-0  46759-2 0  9997
2 45074  52.9952 125.5084 0001347  69.5825  99.6540 15.05552828  1756
STARLINK-1174           
1 45075U 20006AH  20126.91668981  .00041283  00000-0  28363-2 0  9990
2 45075  52.9977 125.4842 0001392  81.0602 286.1946 15.05575791  1765
STARLINK-1180           
1 45076U 20006AJ  20126.91668981  .00047089  00000-0  32292-2 0  9997
2 45076  52.9974 125.4828 0001528  76.7643 254.4726 15.05583312  1755
STARLINK-1182           
1 45077U 20006AK  20126.91668981  .00031722  00000-0  21867-2 0  9991
2 45077  52.9964 125.4940 0001682  68.8386 136.4282 15.05577419 15490
STARLINK-1177           
1 45078U 20006AL  20126.91668981  .00035302  00000-0  24307-2 0  9992
2 45078  52.9983 125.4903 0001641  65.2558 211.9423 15.05567700  1750
STARLINK-1149           
1 45079U 20006AM  20126.91668981  .00100909  00000-0  68490-2 0  9990
2 45079  52.9641 125.6683 0001401  81.7586 267.3979 15.05564630 15134
STARLINK-1153           
1 45080U 20006AN  20126.91668981  .00048993  00000-0  33609-2 0  9990
2 45080  52.9973 125.4835 0001574  70.3805 242.8625 15.05551854  1753
STARLINK-1151           
1 45081U 20006AP  20126.91668981  .00038212  00000-0  26273-2 0  9993
2 45081  52.9989 125.4703 0001325  90.7472 330.4617 15.05584045 15506
STARLINK-1160           
1 45082U 20006AQ  20126.91668981  .00035695  00000-0  24576-2 0  9990
2 45082  52.9842 125.5560 0001471  70.5746  44.5674 15.05564272 15493
STARLINK-1190           
1 45083U 20006AR  20126.91668981  .00038069  00000-0  26190-2 0  9993
2 45083  52.9977 145.4959 0001064 101.7355 155.2928 15.05563789  1801
STARLINK-1173           
1 45084U 20006AS  20126.91668981  .00041072  00000-0  45242-3 0  9992
2 45084  52.9949 113.9190 0001831  40.5928 279.1191 15.62734908  1822
STARLINK-1179           
1 45085U 20006AT  20126.91668981  .00113315  00000-0  12264-2 0  9990
2 45085  52.9938 113.1515 0002248  20.8114 310.7508 15.62746358 15668
STARLINK-1181           
1 45086U 20006AU  20126.91668981  .00042471  00000-0  46762-3 0  9996
2 45086  52.9949 115.4603 0001798  35.9561 254.9822 15.62730955 15637
STARLINK-1185           
1 45087U 20006AV  20126.91668981  .00041066  00000-0  45223-3 0  9997
2 45087  52.9942 115.4703 0001747  34.3483 251.4777 15.62742145  1823
STARLINK-1183           
1 45088U 20006AW  20126.91668981  .00041457  00000-0  45634-3 0  9998
2 45088  52.9946 115.4569 0001872  40.3689 252.2456 15.62748692  1828
STARLINK-1136           
1 45089U 20006AX  20126.91668981  .00040978  00000-0  45112-3 0  9997
2 45089  52.9948 113.9223 0002103  21.6481 296.4373 15.62750143  1823
STARLINK-1176           
1 45090U 20006AY  20126.91668981  .00040300  00000-0  44393-3 0  9998
2 45090  52.9962 113.1556 0002062  29.4319 300.4761 15.62742292  1825
STARLINK-1127           
1 45091U 20006AZ  20126.91668981  .00040398  00000-0  44496-3 0  9990
2 45091  52.9945 115.4982 0002132  31.9269 240.3517 15.62744182  1826
STARLINK-1137           
1 45092U 20006BA  20126.91668981  .00081109  00000-0  88256-3 0  9998
2 45092  52.9943 115.4899 0001926  33.1476 242.4989 15.62758847  1779
STARLINK-1142           
1 45093U 20006BB  20126.91668981  .00038459  00000-0  42384-3 0  9991
2 45093  52.9945 115.4952 0006598  40.6191 233.3171 15.62732390  1776
STARLINK-1146           
1 45094U 20006BC  20126.91668981  .00040745  00000-0  44896-3 0  9993
2 45094  52.9946 115.4832 0001859  12.3087 268.4305 15.62729968  1775
STARLINK-1147           
1 45095U 20006BD  20126.91668981  .00040569  00000-0  44668-3 0  9995
2 45095  52.9945 115.4782 0001928  48.2209 234.2656 15.62751500 15637
STARLINK-1152           
1 45096U 20006BE  20126.91668981  .00040457  00000-0  44544-3 0  9995
2 45096  52.9947 115.4879 0001884  35.1643 243.9132 15.62753524 15639
STARLINK-1175           
1 45097U 20006BF  20126.91668981  .05621388  00000-0  16128-1 0  9994
2 45097  52.9984 112.2420 0003114 123.8948 317.7632 15.88490514 15796
STARLINK-1184           
1 45098U 20006BG  20126.91668981  .00039612  00000-0  43651-3 0  9996
2 45098  52.9942 115.4989 0002091  18.3390 252.2318 15.62741211  1770
STARLINK-1186           
1 45099U 20006BH  20126.91668981  .00042087  00000-0  46303-3 0  9994
2 45099  52.9939 115.4701 0006519  43.3353 244.1599 15.62734504  1773
STARLINK-1193           
1 45100U 20006BJ  20126.91668981  .00039114  00000-0  43027-3 0  9994
2 45100  52.9948 115.5084 0008481  50.8256 218.0647 15.62754405  1772
STARLINK-1194           
1 45101U 20006BK  20126.91668981  .00104504  00000-0  11324-2 0  9995
2 45101  52.9943 115.5078 0001840  31.1121 236.0520 15.62754111 15630
STARLINK-1195           
1 45102U 20006BL  20126.91668981  .00040386  00000-0  44425-3 0  9992
2 45102  52.9945 115.4888 0009000  58.5773 218.7650 15.62735117  1779
STARLINK-1196           
1 45103U 20006BM  20126.91668981  .00130548  00000-0  14100-2 0  9999
2 45103  52.9960 115.4683 0001725  43.9452 245.2361 15.62729454 15639
STARLINK-1138           
1 45178U 20012A   20127.25001157  .00039926  00000-0  27460-2 0  9993
2 45178  53.0001 264.0017 0001428  98.7881 333.1656 15.05551564 12649
STARLINK-1143           
1 45179U 20012B   20127.25001157  .00043405  00000-0  29819-2 0  9991
2 45179  52.9915 264.0482 0001411  94.6034 319.3220 15.05554488 12646
STARLINK-1192           
1 45180U 20012C   20126.91668981  .00009759  00000-0  68804-3 0  9991
2 45180  53.0017 265.4945 0001126 103.8716 356.3777 15.05579717 12599
STARLINK-1200           
1 45181U 20012D   20126.91668981  .00009687  00000-0  68318-3 0  9992
2 45181  53.0024 265.4943 0001108  85.9916  32.1762 15.05576502 12590
STARLINK-1201           
1 45182U 20012E   20127.25001157  .02285889  00000-0  69629-1 0  9993
2 45182  53.0056 244.9272 0001287 178.6757 359.2191 15.30321549 12927
STARLINK-1202           
1 45183U 20012F   20126.91668981  .00006584  00000-0  47064-3 0  9992
2 45183  53.0014 265.4925 0001216  91.0133 207.2545 15.05578247 12604
STARLINK-1205           
1 45184U 20012G   20127.25001157  .03497609  00000-0  13451+0 0  9991
2 45184  53.0009 244.4504 0003303  82.3576 358.9686 15.22195087 12899
STARLINK-1216           
1 45185U 20012H   20126.91668981  .00004733  00000-0  34364-3 0  9997
2 45185  53.0022 265.4902 0001414  83.5605 250.7534 15.05592115 12601
STARLINK-1224           
1 45186U 20012J   20126.91668981  .00004207  00000-0  30762-3 0  9992
2 45186  53.0035 265.4946 0001292  91.9078 152.2954 15.05590474 12603
STARLINK-1225           
1 45187U 20012K   20127.25001157  .00040537  00000-0  27869-2 0  9996
2 45187  53.0013 263.9970 0001336 124.7153 109.1740 15.05559761 12404
STARLINK-1228           
1 45188U 20012L   20126.91668981 -.00023994  00000-0 -25689-3 0  9992
2 45188  53.0003 237.6945 0001353  59.7431   6.6712 15.62760341 12646
STARLINK-1230           
1 45189U 20012M   20126.91668981 -.00010473  00000-0 -70060-3 0  9994
2 45189  53.0032 265.4946 0001328  77.8038 130.4697 15.05584119 12300
STARLINK-1234           
1 45190U 20012N   20126.91668981 -.00025419  00000-0 -27248-3 0  9992
2 45190  53.0032 239.1329 0001593  54.0155  33.5867 15.62765252 12647
STARLINK-1236           
1 45191U 20012P   20127.25001157  .00035000  00000-0  24108-2 0  9993
2 45191  53.0010 263.9970 0001404 108.4417  71.4888 15.05558474 12655
STARLINK-1237           
1 45192U 20012Q   20126.91668981  .00004885  00000-0  35440-3 0  9999
2 45192  53.0032 265.4916 0001109 105.9798 210.2582 15.05561094 12312
STARLINK-1239           
1 45193U 20012R   20126.91668981  .00006068  00000-0  43520-3 0  9993
2 45193  53.0019 265.4864 0001370  88.6026 281.6191 15.05587375 12319
STARLINK-1240           
1 45194U 20012S   20126.91668981  .00004939  00000-0  35783-3 0  9991
2 45194  53.0032 265.4892 0001180  79.3489 272.8323 15.05583970 12311
STARLINK-1241           
1 45195U 20012T   20126.91668981  .00007167  00000-0  51049-3 0  9991
2 45195  53.0043 265.4746 0001417  81.0415 307.2262 15.05585909 12313
STARLINK-1244           
1 45196U 20012U   20127.25001157  .00039085  00000-0  26870-2 0  9993
2 45196  53.0010 264.0028 0001468 104.5769 345.2993 15.05577371 12390
STARLINK-1269           
1 45197U 20012V   20126.91668981  .00007812  00000-0  55460-3 0  9991
2 45197  53.0001 265.4932 0001124  86.7765  49.4629 15.05588263 12331
STARLINK-1154           
1 45198U 20012W   20127.25001157  .05820129  00000-0  23095+0 0  9990
2 45198  53.0016 244.4408 0004436  33.7718 326.9909 15.20338210 12631
STARLINK-1197           
1 45199U 20012X   20127.25001157  .05763855  00000-0  22994+0 0  9990
2 45199  53.0024 244.4344 0004242  29.0076 317.7240 15.20197937 12635
STARLINK-1198           
1 45200U 20012Y   20127.25001157  .06063327  00000-0  24140+0 0  9996
2 45200  53.0030 244.4344 0004388  20.8807 311.7091 15.20027582 12633
STARLINK-1199           
1 45201U 20012Z   20127.25001157  .05886826  00000-0  23578+0 0  9997
2 45201  53.0024 244.4312 0004191  12.0086 304.8844 15.19961020 12637
STARLINK-1203           
1 45202U 20012AA  20127.25001157  .00044765  00000-0  33518-2 0  9999
2 45202  53.0019 263.2929 0001400 103.4070 191.1678 15.02304159 12394
STARLINK-1204           
1 45203U 20012AB  20127.25001157  .03554554  00000-0  14776+0 0  9997
2 45203  53.0027 244.4805 0001481 299.3104 292.0128 15.19440690 12604
STARLINK-1206           
1 45204U 20012AC  20127.25001157  .02455594  00000-0  95354-1 0  9994
2 45204  52.9997 244.4050 0002930 109.9518   1.6552 15.21971913 12634
STARLINK-1208           
1 45205U 20012AD  20127.25001157  .05226574  00000-0  20367+0 0  9992
2 45205  53.0015 244.4525 0004069  49.7710 339.0571 15.20700656 12648
STARLINK-1209           
1 45206U 20012AE  20126.91668981 -.00025492  00000-0 -27332-3 0  9995
2 45206  53.0015 238.4011 0001233  56.4133  29.9344 15.62763901 12670
STARLINK-1210           
1 45207U 20012AF  20127.25001157  .05848997  00000-0  23536+0 0  9994
2 45207  53.0025 244.4207 0003975   4.5125 298.2488 15.19828649 12635
STARLINK-1211           
1 45208U 20012AG  20127.25001157  .05249257  00000-0  21080+0 0  9991
2 45208  53.0015 244.4191 0003215 347.4881 286.7968 15.19631561 12632
STARLINK-1218           
1 45209U 20012AH  20127.25001157  .03584138  00000-0  14034+0 0  9991
2 45209  52.9995 244.4792 0003197  85.5144 359.0066 15.21482334 12634
STARLINK-1219           
1 45210U 20012AJ  20127.25001157  .05683797  00000-0  23046+0 0  9999
2 45210  53.0022 244.4165 0003548 358.4753 290.0583 15.19695733 12635
STARLINK-1231           
1 45212U 20012AL  20127.25001157  .04371540  00000-0  16878+0 0  9995
2 45212  53.0006 244.4640 0003672  63.6179 353.1695 15.21097272 12645
STARLINK-1232           
1 45213U 20012AM  20127.25001157  .04717823  00000-0  18535+0 0  9996
2 45213  53.0008 244.4598 0003894  54.6154 348.1988 15.20897478 12632
STARLINK-1233           
1 45214U 20012AN  20127.25001157  .04769180  00000-0  19871+0 0  9994
2 45214  53.0031 244.4546 0002658 336.6084 284.5837 15.18802502 12620
STARLINK-1245           
1 45215U 20012AP  20127.25001157  .04656587  00000-0  19048+0 0  9997
2 45215  53.0021 244.4160 0002817 340.1784 279.7870 15.19552609 12620
STARLINK-1254           
1 45216U 20012AQ  20127.25001157  .03982833  00000-0  15488+0 0  9997
2 45216  52.9995 244.4699 0003383  75.5741 355.0339 15.21278538 12635
STARLINK-1271           
1 45217U 20012AR  20127.25001157  .05455442  00000-0  21716+0 0  9992
2 45217  53.0016 244.4395 0004241  41.6438 333.3005 15.20521768 12630
STARLINK-1105           
1 45218U 20012AS  20127.25001157  .00041393  00000-0  45540-3 0  9999
2 45218  53.0024 241.2116 0008295  54.5558 100.3596 15.62726771 12673
STARLINK-1187           
1 45219U 20012AT  20127.25001157  .00037695  00000-0  41501-3 0  9993
2 45219  53.0034 239.8118 0009091  12.9010 103.2144 15.62744032 12699
STARLINK-1188           
1 45220U 20012AU  20126.91668981 -.00021132  00000-0 -22546-3 0  9990
2 45220  53.0024 242.9194 0001757  45.3211 357.6606 15.62760883 12626
STARLINK-1189           
1 45221U 20012AV  20126.91668981 -.00021281  00000-0 -22696-3 0  9992
2 45221  53.0024 242.9122 0001665  38.4330   7.9779 15.62776273 12627
STARLINK-1191           
1 45222U 20012AW  20126.91668981 -.00015520  00000-0 -16364-3 0  9997
2 45222  53.0013 242.9356 0007301  45.7414 348.1611 15.62756233  1832
STARLINK-1212           
1 45223U 20012AX  20127.25001157  .00040476  00000-0  44560-3 0  9997
2 45223  53.0021 241.2115 0005379  51.3862 105.2583 15.62743456 12677
STARLINK-1214           
1 45224U 20012AY  20127.25001157  .00040475  00000-0  44544-3 0  9999
2 45224  53.0023 241.3224 0007301  51.9107  48.1154 15.62738316 12686
STARLINK-1215           
1 45225U 20012AZ  20127.25001157  .00039625  00000-0  43668-3 0  9991
2 45225  53.0022 241.2411 0001811  55.6359  87.4033 15.62739806 12679
STARLINK-1217           
1 45226U 20012BA  20127.25001157  .00039341  00000-0  43335-3 0  9998
2 45226  53.0025 241.2495 0002392  35.5677 100.7120 15.62753861 12640
STARLINK-1221           
1 45227U 20012BB  20127.25001157  .00040360  00000-0  44413-3 0  9990
2 45227  53.0025 241.3129 0006601  19.5694  87.2374 15.62747707 12646
STARLINK-1222           
1 45228U 20012BC  20127.25001157  .00041717  00000-0  45909-3 0  9999
2 45228  53.0021 241.3181 0006394  41.1187  62.2987 15.62732405 12684
STARLINK-1226           
1 45229U 20012BD  20127.25001157  .00040237  00000-0  44332-3 0  9995
2 45229  53.0022 241.2343 0003288  34.0982 112.3372 15.62735380 12677
STARLINK-1227           
1 45230U 20012BE  20126.91668981 -.00021869  00000-0 -23300-3 0  9997
2 45230  53.0020 242.8585 0008543  55.3454  18.1444 15.62760809 12623
STARLINK-1229           
1 45231U 20012BF  20126.91668981 -.00021784  00000-0 -23257-3 0  9995
2 45231  53.0024 242.8942 0001743  24.8106  31.7238 15.62765889 12620
STARLINK-1235           
1 45232U 20012BG  20127.25001157  .00039522  00000-0  43478-3 0  9994
2 45232  53.0018 238.3258 0007641  23.6488  94.9335 15.62756557 12695
STARLINK-1238           
1 45233U 20012BH  20127.25001157  .03241261  00000-0  13426+0 0  9999
2 45233  53.0008 244.5291 0001180 267.7667 311.1702 15.19269931 12625
STARLINK-1243           
1 45234U 20012BJ  20126.91668981  .00006596  00000-0  47146-3 0  9993
2 45234  53.0030 265.4941 0001181  94.5965  95.6430 15.05579647 12336
STARLINK-1246           
1 45235U 20012BK  20126.91668981  .00003536  00000-0  26159-3 0  9996
2 45235  53.0030 265.4929 0001293  77.2633 185.0202 15.05595578 12339
STARLINK-1247           
1 45236U 20012BL  20127.25001157  .00041471  00000-0  45665-3 0  9994
2 45236  53.0026 241.2205 0001577  46.7657 104.7945 15.62739940 12671
STARLINK-1270           
1 45237U 20012BM  20127.25001157  .00039242  00000-0  43230-3 0  9994
2 45237  53.0016 241.2664 0001454  41.3499  88.1689 15.62754378 12671
STARLINK-1279           
1 45360U 20019A   20127.25001157 -.00004733  00000-0 -45882-4 0  9993
2 45360  52.9996  14.2701 0001610  53.1512 117.3617 15.62751436  8318
STARLINK-1301           
1 45361U 20019B   20127.25001157  .00000121  00000-0  71551-5 0  9992
2 45361  52.9988  14.2954 0001309  39.3424 115.8553 15.62764269  8313
STARLINK-1306           
1 45362U 20019C   20127.25001157  .03381012  00000-0  21762+0 0  9990
2 45362  53.0032  22.7535 0002683  30.7154 323.0294 15.03789828  8213
STARLINK-1311           
1 45363U 20019D   20127.10581220  .00043151  00000-0  39267-3 0  9998
2 45363  52.9998  15.9035 0002304 216.1851 143.9008 15.67524380  8296
STARLINK-1313           
1 45364U 20019E   20127.25001157  .00001463  00000-0  21811-4 0  9998
2 45364  52.9995  14.2556 0001379  52.0880 121.8001 15.62748940  8310
STARLINK-1317           
1 45365U 20019F   20126.91668981 -.00017689  00000-0 -18776-3 0  9999
2 45365  52.9993  15.8953 0001319  57.0401  38.7915 15.62752533  8262
STARLINK-1262           
1 45366U 20019G   20127.25001157  .00013727  00000-0  95917-3 0  9993
2 45366  52.9996  24.0002 0002038  78.9996 358.1602 15.05590741  8195
STARLINK-1273           
1 45367U 20019H   20127.25001157  .00000594  00000-0  59926-4 0  9993
2 45367  53.0001  24.0003 0001971  74.0788 255.0196 15.05592573  8184
STARLINK-1276           
1 45368U 20019J   20127.25001157  .00006792  00000-0  48471-3 0  9992
2 45368  52.9985  23.9916 0001362  79.6665  33.4752 15.05591347  8199
STARLINK-1277           
1 45369U 20019K   20127.25001157  .00008540  00000-0  60493-3 0  9994
2 45369  52.9981  23.9922 0001372  75.1419  55.9357 15.05558733  8194
STARLINK-1281           
1 45370U 20019L   20127.25001157  .00004099  00000-0  30034-3 0  9999
2 45370  52.9901  24.0544 0001760  74.0610 111.0107 15.05581544  8173
STARLINK-1287           
1 45371U 20019M   20126.91668981 -.00031998  00000-0 -21850-2 0  9991
2 45371  53.0000  25.4966 0001474  65.4942 309.8217 15.05611075  8142
STARLINK-1288           
1 45372U 20019N   20127.25001157  .00016616  00000-0  11572-2 0  9994
2 45372  52.9991  24.0009 0001827  70.7867 240.3476 15.05567978  8182
STARLINK-1295           
1 45373U 20019P   20127.25001157  .00056672  00000-0  38780-2 0  9991
2 45373  52.9989  24.0002 0001787  64.4170 336.7136 15.05575709  8190
STARLINK-1300           
1 45374U 20019Q   20127.25001157  .00038499  00000-0  26478-2 0  9990
2 45374  53.0004  24.0006 0001451  61.0429 358.0522 15.05569242  8194
STARLINK-1302           
1 45375U 20019R   20127.25001157  .00001963  00000-0  15378-3 0  9995
2 45375  53.0003  24.0011 0001810  69.7195 277.4080 15.05599188  8188
STARLINK-1304           
1 45376U 20019S   20127.25001157  .00001255  00000-0  10524-3 0  9998
2 45376  52.9996  24.0003 0001978  71.3495 185.7615 15.05596048  8183
STARLINK-1305           
1 45377U 20019T   20127.25001157  .00007226  00000-0  51456-3 0  9992
2 45377  52.9991  24.0004 0001401  60.3755  34.7192 15.05583749  8196
STARLINK-1310           
1 45378U 20019U   20126.91668981 -.00031293  00000-0 -21364-2 0  9996
2 45378  52.9991  25.4827 0001384  83.7153  75.7181 15.05608341  8140
STARLINK-1319           
1 45379U 20019V   20127.25001157  .00007289  00000-0  51880-3 0  9994
2 45379  52.9982  23.9917 0001606  83.0394  66.0369 15.05587783  8193
STARLINK-1207           
1 45380U 20019W   20126.91668981 -.00028917  00000-0 -31106-3 0  9994
2 45380  52.9981  17.3011 0001242  62.6704  67.1361 15.62754658  8251
STARLINK-1258           
1 45381U 20019X   20126.91668981 -.00029994  00000-0 -32268-3 0  9991
2 45381  52.9979  17.3114 0001448  63.5193  56.0583 15.62772456  1828
STARLINK-1264           
1 45382U 20019Y   20127.25001157 -.00008945  00000-0 -91918-4 0  9997
2 45382  52.9978  15.6464 0001176  58.8126 157.4536 15.62764471  8119
STARLINK-1266           
1 45383U 20019Z   20127.25001157 -.00006616  00000-0 -66429-4 0  9990
2 45383  52.9979  15.6668 0001283  49.2424 153.4570 15.62771138  8292
STARLINK-1267           
1 45384U 20019AA  20127.25001157 -.00006553  00000-0 -65775-4 0  9994
2 45384  52.9978  15.6544 0001237  57.3253 155.5594 15.62758941  8302
STARLINK-1268           
1 45385U 20019AB  20127.15763784 -.00001506  00000-0 -10565-4 0  9995
2 45385  53.0008  16.2090 0001768  72.3573 287.7632 15.62829707  8291
STARLINK-1272           
1 45386U 20019AC  20126.91668981 -.00028342  00000-0 -30465-3 0  9999
2 45386  52.9983  17.2957 0001558  59.0002  74.1381 15.62761133  8254
STARLINK-1274           
1 45387U 20019AD  20126.91668981 -.00031025  00000-0 -33420-3 0  9996
2 45387  52.9976  17.3219 0001475  51.0182  61.8134 15.62757778  8224
STARLINK-1280           
1 45388U 20019AE  20127.25001157  .05448793  00000-0  31941+0 0  9990
2 45388  53.0058  21.2919 0001970 282.5963 330.1173 15.06604055  8229
STARLINK-1283           
1 45389U 20019AF  20127.25001157 -.00007942  00000-0 -80904-4 0  9993
2 45389  52.9983  11.2461 0001368  65.7617 109.8215 15.62775088  8364
STARLINK-1284           
1 45390U 20019AG  20127.25001157  .00000491  00000-0  11201-4 0  9999
2 45390  52.9976  15.6748 0001348  50.5430 148.7920 15.62751185  8296
STARLINK-1289           
1 45391U 20019AH  20126.91668981 -.00031354  00000-0 -33748-3 0  9999
2 45391  52.9978  17.3297 0001527  63.8526  45.5666 15.62783216  1822
STARLINK-1290           
1 45392U 20019AJ  20127.25001157 -.00001771  00000-0 -13493-4 0  9990
2 45392  52.9999  15.7488 0001565  49.3075 116.1101 15.62771823  8029
STARLINK-1291           
1 45393U 20019AK  20127.25001157 -.00008780  00000-0 -89847-4 0  9994
2 45393  52.9976  15.6391 0008249 358.2923 221.3749 15.62766091  8058
STARLINK-1292           
1 45394U 20019AL  20127.25001157 -.00007394  00000-0 -75003-4 0  9994
2 45394  52.9975  15.6994 0001351  55.5008 137.0410 15.62747553  8033
STARLINK-1297           
1 45395U 20019AM  20127.25001157  .00008692  00000-0  10068-3 0  9994
2 45395  52.9997  15.7602 0001461  49.7938 112.2609 15.62747298  8057
STARLINK-1303           
1 45396U 20019AN  20126.91668981 -.00031278  00000-0 -33697-3 0  9992
2 45396  52.9976  17.3457 0001518  57.2659  48.7879 15.62758678  7963
STARLINK-1307           
1 45397U 20019AP  20126.91668981 -.00033190  00000-0 -35751-3 0  9991
2 45397  52.9993  17.3664 0001303  63.7033  28.7222 15.62794936  8073
STARLINK-1312           
1 45398U 20019AQ  20126.91668981 -.00022658  00000-0 -24221-3 0  9999
2 45398  53.0000  17.3386 0001459  61.1278  41.4976 15.62761389  8008
STARLINK-1255           
1 45399U 20019AR  20126.91668981 -.00031482  00000-0 -33898-3 0  9995
2 45399  52.9972  17.4396 0001366  64.7777  15.8014 15.62776935  1775
STARLINK-1213           
1 45400U 20019AS  20126.91668981 -.00015739  00000-0 -16640-3 0  9991
2 45400  52.9979  17.2779 0001287  63.9101  70.9592 15.62749530  7985
STARLINK-1256           
1 45401U 20019AT  20126.91668981 -.00015482  00000-0 -16357-3 0  9992
2 45401  52.9977  17.2850 0001385  64.7845  73.4410 15.62751514  8058
STARLINK-1257           
1 45402U 20019AU  20126.91668981 -.00020499  00000-0 -21854-3 0  9995
2 45402  52.9977  17.2669 0001482  50.6739  90.9354 15.62758000  8059
STARLINK-1259           
1 45403U 20019AV  20127.25001157  .00000885  00000-0  15499-4 0  9994
2 45403  52.9976  15.6609 0001240  50.8034 153.6053 15.62747383  8108
STARLINK-1260           
1 45404U 20019AW  20126.91668981 -.00025566  00000-0 -27395-3 0  9993
2 45404  52.9983  17.3264 0001446  61.7695  52.7502 15.62779758  1770
STARLINK-1263           
1 45405U 20019AX  20127.25001157 -.00007239  00000-0 -73290-4 0  9991
2 45405  53.0002  15.6531 0001361  61.1727 146.6145 15.62753812  8012
STARLINK-1265           
1 45406U 20019AY  20127.25001157 -.00004809  00000-0 -46707-4 0  9995
2 45406  52.9976  15.6906 0001404  59.7787 137.8531 15.62757132  8014
STARLINK-1275           
1 45407U 20019AZ  20126.91668981 -.00029632  00000-0 -31891-3 0  9990
2 45407  52.9975  17.3418 0001285  54.9528  52.7750 15.62756374  7966
STARLINK-1278           
1 45408U 20019BA  20127.25001157  .05349641  00000-0  31359+0 0  9998
2 45408  53.0056  21.2681 0001968 291.2644 327.6952 15.06693744  7943
STARLINK-1282           
1 45409U 20019BB  20127.25001157 -.00018372  00000-0 -19513-3 0  9992
2 45409  52.9999  15.7124 0001260  63.9782 113.3204 15.62769502  8028
STARLINK-1285           
1 45410U 20019BC  20126.91668981 -.00024993  00000-0 -26786-3 0  9996
2 45410  52.9983  17.3028 0001269  59.9594  64.6989 15.62761281  7965
STARLINK-1293           
1 45411U 20019BD  20127.25001157 -.00002907  00000-0 -25899-4 0  9997
2 45411  52.9998  15.7612 0001405  52.7941 110.8807 15.62768090  8017
STARLINK-1296           
1 45412U 20019BE  20127.25001157  .00008022  00000-0  93312-4 0  9995
2 45412  52.9978  15.6863 0001282  56.5803 137.6499 15.62764363  8018
STARLINK-1298           
1 45413U 20019BF  20127.25001157 -.00003972  00000-0 -37529-4 0  9995
2 45413  53.0000  15.7451 0001376  54.0772 113.0102 15.62772241  8106
STARLINK-1309           
1 45414U 20019BG  20126.91668981 -.00027905  00000-0 -29992-3 0  9998
2 45414  52.9992  17.3448 0001227  58.2529  46.0920 15.62755991  1772
STARLINK-1316           
1 45415U 20019BH  20127.25001157 -.00009035  00000-0 -92869-4 0  9991
2 45415  52.9975  15.6421 0001328  62.3364 159.0068 15.62771669  8035
STARLINK-1318           
1 45416U 20019BJ  20126.91668981 -.00019257  00000-0 -20472-3 0  9995
2 45416  52.9982  17.3385 0001255  46.4824  64.6177 15.62783804  7973
STARLINK-1286           
1 45417U 20019BK  20127.25001157  .00033454  00000-0  24061-2 0  9990
2 45417  53.0004  23.1070 0001220  54.9933 328.8905 15.03961814  8209
STARLINK-1299           
1 45418U 20019BL  20127.25001157  .01898578  00000-0  11076+0 0  9997
2 45418  53.0005  21.0452 0003324  40.4501 326.3553 15.08403725  7972
STARLINK-1308           
1 45419U 20019BM  20127.19503579 -.00149557  00000-0 -10720-1 0  9990
2 45419  53.0058  23.9943 0001643  30.9311 329.1773 15.04679412  7926
STARLINK-1329           
1 45531U 20025A   20127.16667824  .02969574  00000-0  24709-1 0  9994
2 45531  53.0093 333.5175 0002006 204.0399 324.5468 15.66135437  2816
STARLINK-1338           
1 45532U 20025B   20127.16667824  .03443851  00000-0  28933-1 0  9994
2 45532  53.0097 333.5231 0001960 203.1815 320.5116 15.65942279  2821
STARLINK-1339           
1 45533U 20025C   20127.16667824  .02640002  00000-0  22468-1 0  9998
2 45533  53.0091 333.5384 0001996 191.4000 326.8388 15.65956163  2815
STARLINK-1341           
1 45534U 20025D   20127.25001157  .05144189  00000-0  42498-1 0  9993
2 45534  53.0062 333.1225 0003224 339.0056 291.7654 15.65449602  2823
STARLINK-1350           
1 45535U 20025E   20127.16667824  .03351293  00000-0  27766-1 0  9998
2 45535  53.0087 333.5439 0001997 186.8500 326.3960 15.65795231  2826
STARLINK-1352           
1 45536U 20025F   20127.16667824  .03316109  00000-0  27561-1 0  9999
2 45536  53.0088 333.5473 0001939 187.0420 325.1549 15.65756704  2828
STARLINK-1353           
1 45537U 20025G   20127.16667824  .03339679  00000-0  28348-1 0  9991
2 45537  53.0091 333.5413 0001922 192.8428 322.9193 15.65787260  2822
STARLINK-1362           
1 45538U 20025H   20127.16667824  .02990433  00000-0  24886-1 0  9995
2 45538  53.0097 333.5211 0002001 201.3219 326.0546 15.66107442  2824
STARLINK-1367           
1 45539U 20025J   20127.16667824  .02484742  00000-0  14073-1 0  9994
2 45539  53.0093 332.8799 0017654 109.3019  10.7470 15.74855243  2820
STARLINK-1369           
1 45540U 20025K   20127.16667824  .03186913  00000-0  26604-1 0  9999
2 45540  53.0093 333.5525 0001820 183.2329 327.5411 15.65796600  2825
STARLINK-1369           
1 45541U 20025L   20127.16667824  .03210458  00000-0  26781-1 0  9998
2 45541  53.0092 333.5544 0001967 181.3791 328.1707 15.65788416  2821
STARLINK-1371           
1 45542U 20025M   20127.25001157  .05505037  00000-0  44928-1 0  9995
2 45542  53.0059 333.1184 0003096 338.8926 292.6252 15.65454499  2826
STARLINK-1372           
1 45543U 20025N   20127.16667824  .02837819  00000-0  24158-1 0  9991
2 45543  53.0091 333.5546 0002072 178.5765 330.4298 15.65716200  2824
STARLINK-1373           
1 45544U 20025P   20127.25001157  .05395815  00000-0  44046-1 0  9999
2 45544  53.0059 333.1077 0003165 342.2884 294.0281 15.65541235  2821
STARLINK-1374           
1 45545U 20025Q   20127.16667824  .03363336  00000-0  27765-1 0  9999
2 45545  53.0092 333.5355 0001959 196.1505 323.3397 15.65872275  2822
STARLINK-1375           
1 45546U 20025R   20127.16667824  .03295178  00000-0  27383-1 0  9994
2 45546  53.0090 333.5432 0001980 186.9715 327.5827 15.65785318  2826
STARLINK-1377           
1 45547U 20025S   20127.16667824  .03026822  00000-0  25395-1 0  9994
2 45547  53.0089 333.5391 0001832 191.4707 325.5914 15.65858253  2821
STARLINK-1378           
1 45548U 20025T   20127.16667824  .03128891  00000-0  26344-1 0  9999
2 45548  53.0089 333.5567 0001966 179.2592 328.5655 15.65650046  2826
STARLINK-1379           
1 45549U 20025U   20127.16667824  .02523745  00000-0  21257-1 0  9994
2 45549  53.0090 333.5599 0002299 180.0715 326.1596 15.65830886  2821
STARLINK-1390           
1 45550U 20025V   20127.16667824  .03414427  00000-0  28689-1 0  9999
2 45550  53.0099 333.5213 0001996 202.5289 322.4007 15.65969153  2819
STARLINK-1294           
1 45551U 20025W   20127.16667824  .02891768  00000-0  17335-1 0  9992
2 45551  53.0098 332.9101 0009094 115.8880 350.4387 15.73647568  2812
STARLINK-1322           
1 45552U 20025X   20127.25001157  .06051762  00000-0  36611-1 0  9998
2 45552  53.0071 332.4908 0002780 107.3459 113.2725 15.73085716  2831
STARLINK-1323           
1 45553U 20025Y   20127.16667824  .02895096  00000-0  17452-1 0  9992
2 45553  53.0095 332.9188 0008840 114.7838 346.3629 15.73512842  2814
STARLINK-1325           
1 45554U 20025Z   20127.16667824  .03180850  00000-0  19336-1 0  9992
2 45554  53.0097 332.9137 0008501 115.7002 348.7674 15.73552673  2811
STARLINK-1327           
1 45555U 20025AA  20127.16667824  .03336004  00000-0  20492-1 0  9992
2 45555  53.0095 332.9411 0008573 111.7461 338.6676 15.73142733  2811
STARLINK-1334           
1 45556U 20025AB  20127.16667824  .03233454  00000-0  19653-1 0  9995
2 45556  53.0096 332.9160 0009065 113.5319 349.4571 15.73498949  2810
STARLINK-1336           
1 45557U 20025AC  20127.25001157  .06036352  00000-0  35819-1 0  9990
2 45557  53.0072 332.5084 0003303 111.4552 100.2472 15.72864819  2838
STARLINK-1342           
1 45558U 20025AD  20127.16667824  .03465771  00000-0  21433-1 0  9995
2 45558  53.0095 332.9639 0008590 108.7303 330.9579 15.72846159  2815
STARLINK-1344           
1 45559U 20025AE  20127.16667824  .02920440  00000-0  17680-1 0  9993
2 45559  53.0097 332.9287 0008674 113.9618 343.4299 15.73381414  2814
STARLINK-1346           
1 45560U 20025AF  20127.25001157  .06040076  00000-0  37053-1 0  9994
2 45560  53.0073 332.5165 0002650 122.6344  85.6926 15.72761762  2833
STARLINK-1348           
1 45561U 20025AG  20127.16667824  .03458356  00000-0  21311-1 0  9995
2 45561  53.0094 332.9566 0008436 110.7581 332.5292 15.72938845  2811
STARLINK-1354           
1 45562U 20025AH  20127.16667824  .03195511  00000-0  19651-1 0  9991
2 45562  53.0097 332.9346 0008562 113.2519 340.8841 15.73264533  2819
STARLINK-1355           
1 45563U 20025AJ  20127.16667824  .03394495  00000-0  20902-1 0  9995
2 45563  53.0097 332.9508 0009052 109.9780 336.6813 15.73022322  2817
STARLINK-1356           
1 45564U 20025AK  20127.16667824  .03372361  00000-0  20733-1 0  9996
2 45564  53.0094 332.9448 0007196 115.1531 333.6189 15.73085913  2816
STARLINK-1357           
1 45565U 20025AL  20127.16667824  .02891514  00000-0  17609-1 0  9990
2 45565  53.0095 332.9372 0009467 109.9891 342.2737 15.73274829  2818
STARLINK-1358           
1 45566U 20025AM  20127.16667824  .02948812  00000-0  18063-1 0  9990
2 45566  53.0096 332.9536 0009393 109.0880 335.7077 15.73066352  2813
STARLINK-1361           
1 45567U 20025AN  20127.16667824  .03102110  00000-0  19544-1 0  9990
2 45567  53.0093 332.9704 0009098 108.0065 328.0625 15.72789105  2815
STARLINK-1363           
1 45568U 20025AP  20127.16667824  .03030780  00000-0  18583-1 0  9996
2 45568  53.0094 332.9595 0009302 109.3157 332.0360 15.72942373  2818
STARLINK-1366           
1 45569U 20025AQ  20127.16667824  .03075974  00000-0  19458-1 0  9993
2 45569  53.0093 332.9742 0008532 107.8360 326.2736 15.72722784  2819
STARLINK-1376           
1 45570U 20025AR  20127.25001157  .05592998  00000-0  34398-1 0  9998
2 45570  53.0083 332.5255 0002833 143.0745  47.0645 15.72347501  2831
STARLINK-1261           
1 45571U 20025AS  20127.16667824  .03243142  00000-0  19633-1 0  9995
2 45571  53.0095 332.9107 0008879 114.1527 351.1773 15.73583818  2811
STARLINK-1320           
1 45572U 20025AT  20127.16667824  .02920252  00000-0  17428-1 0  9999
2 45572  53.0095 332.9042 0008927 114.9760 353.5775 15.73717760  2814
STARLINK-1321           
1 45573U 20025AU  20127.16667824  .03396266  00000-0  20906-1 0  9998
2 45573  53.0094 332.9503 0007856 114.0396 332.0062 15.73030674  2815
STARLINK-1324           
1 45574U 20025AV  20127.16667824  .03232881  00000-0  19572-1 0  9998
2 45574  53.0095 332.9083 0009097 114.7206 351.9588 15.73592503  2813
STARLINK-1326           
1 45575U 20025AW  20127.16667824  .03141097  00000-0  19186-1 0  9998
2 45575  53.0095 332.9181 0009793 112.1511 349.5303 15.73476759  2819
STARLINK-1328           
1 45576U 20025AX  20127.16667824  .03346500  00000-0  20443-1 0  9993
2 45576  53.0093 332.9316 0007870 115.1014 339.8431 15.73263767  2810
STARLINK-1330           
1 45577U 20025AY  20127.16667824  .03027579  00000-0  18528-1 0  9997
2 45577  53.0091 332.9558 0008375 110.2194 332.1038 15.72993477  2819
STARLINK-1331           
1 45578U 20025AZ  20127.16667824  .03241428  00000-0  19797-1 0  9998
2 45578  53.0093 332.9234 0008071 114.9782 343.3795 15.73379225  2814
STARLINK-1332           
1 45579U 20025BA  20127.16667824  .04493547  00000-0  25762-1 0  9990
2 45579  53.0084 333.0620 0015798  95.7888 295.8371 15.74214956  2814
STARLINK-1333           
1 45580U 20025BB  20127.16667824  .03237535  00000-0  19673-1 0  9998
2 45580  53.0096 332.9148 0008860 114.7100 348.7950 15.73501093  2814
STARLINK-1335           
1 45581U 20025BC  20127.16667824  .02934739  00000-0  17871-1 0  9996
2 45581  53.0094 332.9382 0008402 112.5354 338.7549 15.73225856  2815
STARLINK-1337           
1 45582U 20025BD  20127.16667824  .03360144  00000-0  20851-1 0  9993
2 45582  53.0093 332.9607 0008448 109.7381 330.8588 15.72877041  2817
STARLINK-1340           
1 45583U 20025BE  20127.16667824  .03278986  00000-0  20189-1 0  9990
2 45583  53.0096 332.9445 0009289 110.7535 338.7170 15.73145313  2813
STARLINK-1343           
1 45584U 20025BF  20127.16667824  .03300003  00000-0  20146-1 0  9990
2 45584  53.0095 332.9293 0008313 113.2196 343.3190 15.73327229  2814
STARLINK-1345           
1 45585U 20025BG  20127.16667824  .03333434  00000-0  20547-1 0  9990
2 45585  53.0096 332.9475 0008735 112.3606 335.2022 15.73063419  2814
STARLINK-1347           
1 45586U 20025BH  20127.16667824  .02937163  00000-0  17834-1 0  9994
2 45586  53.0095 332.9356 0008668 112.0803 341.0559 15.73290803  2812
STARLINK-1349           
1 45587U 20025BJ  20127.25001157  .06101587  00000-0  37198-1 0  9998
2 45587  53.0068 332.5077 0003042 112.6769  99.9433 15.72872128  2834
STARLINK-1360           
1 45588U 20025BK  20127.16667824  .02995439  00000-0  18934-1 0  9998
2 45588  53.0091 332.9671 0009421 110.5720 326.3822 15.72823146  2819
STARLINK-1364           
1 45589U 20025BL  20127.16667824  .03480996  00000-0  21539-1 0  9992
2 45589  53.0089 332.9636 0008398 109.1967 329.6492 15.72817346  2811
STARLINK-1365           
1 45590U 20025BM  20127.16667824  .02964367  00000-0  18868-1 0  9993
2 45590  53.0092 332.9707 0007763 110.0186 324.9772 15.72697556  2813
FALCON 9 DEB            
1 45591U 20025BN  20127.12035683  .00455608  11484-4  39453-3 0  9990
2 45591  53.0067 332.0454 0084021 101.5609 259.4870 16.05179335  2136
FALCON 9 DEB            
1 45592U 20025BP  20127.05261547  .00606847  11495-4  52569-3 0  9991
2 45592  53.0048 332.3294 0079925 102.0499 258.9504 16.05775070  2126
FALCON 9 DEB            
1 45593U 20025BQ  20127.10564437  .00685972  11530-4  56157-3 0  9995
2 45593  53.0050 331.9356 0075553  98.8305 262.1291 16.07165607  2137
FALCON 9 DEB            
1 45594U 20025BR  20127.10707941  .00448661  11526-4  37079-3 0  9994
2 45594  53.0050 331.9458 0076719  98.5171 262.4564 16.06905299  2138
