ISS (ZARYA)             
1 25544U 98067A   20127.52085648  .00000843  00000-0  23178-4 0  9990
2 25544  51.6447 194.6912 0001025 242.2361 329.1669 15.49351775225551
KESTREL EYE IIM (KE2M)  
1 42982U 98067NE  20127.03803000  .00013196  00000-0  11633-3 0  9998
2 42982  51.6332 137.7544 0003043 312.0735  48.0003 15.69091839144419
DELLINGR (RBLE)         
1 43021U 98067NJ  20126.60211067  .00011682  00000-0  10093-3 0  9998
2 43021  51.6342 138.6616 0000784 317.5153  42.5784 15.69724943140137
1KUNS-PF                
1 43466U 98067NP  20126.99222805  .00168668  22364-4  41191-3 0  9996
2 43466  51.6244 116.0935 0004993  51.2176 308.9277 15.95817167113729
UBAKUSAT                
1 43467U 98067NQ  20127.08043728  .00024075  00000-0  17302-3 0  9992
2 43467  51.6316 139.4978 0001117  28.9611 331.1450 15.73490912113436
CUBERRT                 
1 43546U 98067NU  20126.74949072  .00010428  00000-0  81870-4 0  9998
2 43546  51.6330 140.3136 0002839 310.2948  49.7801 15.72197361103521
TEMPEST-D               
1 43547U 98067NV  20127.12998197  .00004530  00000-0  56785-4 0  9998
2 43547  51.6357 165.4709 0004320 261.7831  98.2673 15.62018230102906
RAINCUBE                
1 43548U 98067NW  20126.57935135  .00022398  00000-0  16993-3 0  9998
2 43548  51.6315 149.6504 0003772 316.2319  43.8380 15.72255518103517
HALOSAT                 
1 43549U 98067NX  20126.56215683  .00016091  00000-0  12629-3 0  9992
2 43549  51.6346 150.3518 0003288 320.2678  39.8079 15.71713099103063
ENDUROSAT ONE           
1 43551U 98067NZ  20126.60104366  .00040454  00000-0  23667-3 0  9999
2 43551  51.6329 140.7640 0004141 339.2452  20.8380 15.77918802103605
EQUISAT                 
1 43552U 98067PA  20126.48247373  .00024417  00000-0  18418-3 0  9991
2 43552  51.6340 149.1088 0004425 319.1891  40.8776 15.72330860103447
RADSAT-G                
1 43553U 98067PB  20126.35147681  .00014299  00000-0  13007-3 0  9995
2 43553  51.6391 156.6344 0004560 300.2259  59.8286 15.68230021103383
1998-067PC              
1 43554U 98067PC  20126.74575995  .00049106  00000-0  26494-3 0  9991
2 43554  51.6294 137.9496 0004729 348.1052  11.9837 15.79629883103195
AEROCUBE 12A            
1 43556U 18046C   20126.90842172  .00001941  00000-0  78841-4 0  9993
2 43556  51.6426 309.9671 0008700 140.7480 219.4132 15.29693157100868
AEROCUBE 12B            
1 43557U 18046D   20126.89618583  .00000964  00000-0  45743-4 0  9998
2 43557  51.6428 310.6251 0008723 140.1056 220.0566 15.29425887100808
LEMUR-2-VU              
1 43558U 18046E   20126.77524649  .00003247  00000-0  11924-3 0  9995
2 43558  51.6409 307.6580 0008038 142.9655 217.1882 15.30869502100876
LEMUR-2-ALEXANDER       
1 43559U 18046F   20126.87387785  .00001613  00000-0  65076-4 0  9998
2 43559  51.6410 306.8282 0008028 142.3395 217.8150 15.31013937100670
LEMUR-2-YUASA           
1 43560U 18046G   20126.92309038  .00002574  00000-0  97234-4 0  9999
2 43560  51.6407 307.1385 0008190 155.6868 204.4501 15.30798986100897
LEMUR-2-TOMHENDERSON    
1 43561U 18046H   20126.99707703  .00001358  00000-0  57330-4 0  9990
2 43561  51.6407 306.8816 0008319 154.7659 205.3730 15.30633205100463
SIRIUSSAT-1             
1 43595U 98067PG  20127.10465626  .00027281  00000-0  20367-3 0  9999
2 43595  51.6314 148.6258 0002054 335.4469  24.6431 15.72513232 98353
SIRIUSSAT-2             
1 43596U 98067PH  20126.59161121  .00025434  00000-0  19129-3 0  9997
2 43596  51.6320 152.0213 0002143 321.7842  38.3004 15.72380980 98263
TANUSHA-3               
1 43597U 98067PJ  20127.06872746  .00064225  00000-0  32890-3 0  9994
2 43597  51.6282 139.2448 0003687   8.7079 351.3986 15.80668794 98477
1998-067PK              
1 43598U 98067PK  20127.03838617  .00068577  00000-0  33150-3 0  9995
2 43598  51.6275 138.3221 0003854  11.8502 348.2590 15.81892226 98488
1998-067PN              
1 43638U 98067PN  20126.44985422  .00008941  00000-0  10095-3 0  9993
2 43638  51.6352 169.1626 0001182 255.2387 104.8476 15.63338994 89944
1998-067PP              
1 43639U 98067PP  20126.41420977  .00014981  00000-0  13981-3 0  9998
2 43639  51.6349 162.1820 0002527 260.2285  99.8426 15.67553521 90047
STARS-ME                
1 43640U 98067PQ  20126.52311916  .00010214  00000-0  10806-3 0  9992
2 43640  51.6342 165.8691 0003058 239.9360 120.1332 15.64825168 90001
ISS DEB (SEDA-AP)       
1 43870U 98067PU  20126.63242313  .00003020  00000-0  46834-4 0  9991
2 43870  51.6406 180.9266 0003486 242.6926 117.3706 15.57562340 77973
CATSAT-2                
1 44029U 98067PV  20126.64853753  .00012020  00000-0  13000-3 0  9993
2 44029  51.6375 172.8098 0003930 301.6625  58.3986 15.64055850 71827
DELPHINI                
1 44030U 98067PW  20126.56357923  .00014605  00000-0  15182-3 0  9998
2 44030  51.6339 172.1492 0003848 304.2863  55.7767 15.64863338 71793
UNITE                   
1 44031U 98067PX  20126.67100246  .00007851  00000-0  99084-4 0  9994
2 44031  51.6367 177.4241 0002721 291.8163  68.2540 15.60621578 71734
CATSAT-1                
1 44033U 98067PZ  20126.52061880  .00012160  00000-0  13154-3 0  9992
2 44033  51.6377 173.4614 0003724 300.6304  59.4324 15.64038682 71719
ISS DEB                 
1 44303U 98067QA  20127.16071154  .00003444  00000-0  59427-4 0  9997
2 44303  51.6406 189.7698 0005282 166.2307 193.8828 15.54045646 53184
ISS DEB                 
1 44304U 98067QB  20126.65621834  .00014991  00000-0  18594-3 0  9995
2 44304  51.6389 185.6521 0003498 141.0136 219.1110 15.60258007 53206
ISS DEB                 
1 44305U 98067QC  20126.55389443  .00020368  00000-0  23008-3 0  9993
2 44305  51.6351 183.3566 0002039 244.3497 115.7287 15.62451895 53227
ISS DEB                 
1 44306U 98067QD  20127.18268776  .00004118  00000-0  69569-4 0  9997
2 44306  51.6393 189.8707 0006531 163.4227 196.6978 15.54066732 53199
RAAVANA-1               
1 44329U 98067QE  20126.58977174  .00008681  00000-0  12374-3 0  9994
2 44329  51.6386 188.9275 0005138 203.2871 156.7889 15.57177098 50327
UGUISU                  
1 44330U 98067QF  20126.60016689  .00008354  00000-0  11965-3 0  9996
2 44330  51.6386 188.9928 0005130 201.6195 158.4581 15.57106489 50309
NEPALISAT-1             
1 44331U 98067QG  20126.58294371  .00008733  00000-0  12431-3 0  9990
2 44331  51.6390 188.8808 0005194 204.5548 155.5197 15.57207333 50317
SPOOQY-1                
1 44332U 98067QH  20126.45560756  .00007992  00000-0  11470-3 0  9998
2 44332  51.6388 189.5274 0004177 207.3746 152.7026 15.57123220 50256
PINOT                   
1 44364U 98067QJ  20127.21609622  .00003798  00000-0  65205-4 0  9990
2 44364  51.6484 190.1108 0007216 165.2450 194.8752 15.53860907 48776
IOD-1 GEMS              
1 44385U 98067QK  20126.50164119  .00013430  00000-0  17519-3 0  9999
2 44385  51.6400 188.3793 0001541 144.6827 215.4268 15.59029096 47795
SWIATOWID               
1 44426U 98067QL  20127.18509147  .00015965  00000-0  20158-3 0  9992
2 44426  51.6423 184.6005 0001978 140.2937 255.4150 15.59733738 47912
KRAKSAT                 
1 44427U 98067QM  20127.07871233  .00006148  00000-0  95447-4 0  9996
2 44427  51.6428 189.0609 0003645 151.2591 285.7490 15.55442489 47883
VCC A                   
1 44428U 98067QN  20126.43706353  .00007849  00000-0  11504-3 0  9996
2 44428  51.6402 190.9439 0001938 168.7698 191.3337 15.56576592 47800
ENTRYSAT                
1 44429U 98067QP  20126.43177920  .00009430  00000-0  13269-3 0  9997
2 44429  51.6390 190.1388 0001592 153.6515 206.4558 15.57413585 47816
VCC C                   
1 44430U 98067QQ  20126.43483607  .00012722  00000-0  17017-3 0  9994
2 44430  51.6384 189.4202 0001215 174.2846 185.8161 15.58413591 46654
VCC B                   
1 44431U 98067QR  20126.43776110  .00008052  00000-0  11771-3 0  9991
2 44431  51.6393 190.9376 0001952 167.3557 192.7484 15.56608609 47744
ISS DEB                 
1 44788U 98067QT  20126.46081642  .00012373  00000-0  19060-3 0  9998
2 44788  51.6416 196.3125 0004792 196.6002 163.4790 15.54590792 26701
ISS DEB                 
1 44789U 98067QU  20126.48561161  .00012983  00000-0  20208-3 0  9993
2 44789  51.6418 196.5016 0005836 199.9542 160.1214 15.54249361 26696
RWASAT-1                
1 44790U 98067QV  20127.06834655 -.00000476  00000-0  00000+0 0  9990
2 44790  51.6419 194.2288 0009496 212.4670 218.5792 15.52423707 26048
AQT-D                   
1 44791U 98067QW  20127.21485590  .00002725  00000-0  52044-4 0  9996
2 44791  51.6410 193.8555 0002219 185.8595 174.2369 15.51999883 26069
NARSSCUBE-1             
1 44792U 98067QX  20126.59227686  .00006970  00000-0  11694-3 0  9998
2 44792  51.6404 196.4475 0004821 213.4913 146.5773 15.53021889 25970
PROGRESS-MS 13          
1 44833U 19085A   20126.53937142  .00000838  00000-0  23085-4 0  9991
2 44833  51.6442 199.5485 0001122 241.4902 251.9068 15.49349074225405
STPSAT-4                
1 45043U 98067QY  20127.20385121  .00002578  00000-0  53646-4 0  9990
2 45043  51.6488 196.0107 0005529 205.4811 154.5901 15.49723706 15270
CYGNUS NG-13            
1 45175U 20011A   20126.53937142  .00000838  00000-0  23085-4 0  9992
2 45175  51.6442 199.5485 0001122 241.4902 251.9068 15.49349074225405
HARP                    
1 45256U 98067QZ  20127.23308529  .00004907  00000-0  91576-4 0  9998
2 45256  51.6418 195.4727 0007153 200.3265 159.7441 15.50722222 11953
1998-067RA              
1 45257U 98067RA  20126.65149962  .00003934  00000-0  75107-4 0  9999
2 45257  51.6416 198.3373 0007830 202.0225 158.0428 15.50675984 11867
PHOENIX                 
1 45258U 98067RB  20126.52608464  .00003629  00000-0  70206-4 0  9999
2 45258  51.6412 198.9964 0005991 180.5464 179.5520 15.50554147 11810
1998-067RC              
1 45259U 98067RC  20127.11466287  .00006010  00000-0  10971-3 0  9990
2 45259  51.6436 196.0004 0007375 201.6659 240.7002 15.50895475 11931
CRYOCUBE                
1 45260U 98067RD  20126.64156344  .00005425  00000-0  99370-4 0  9999
2 45260  51.6414 198.2712 0007820 199.6681 160.4007 15.51022302 11873
1998-067RE              
1 45261U 98067RE  20126.70165358  .00006316  00000-0  11353-3 0  9996
2 45261  51.6413 197.9225 0007495 201.1343 158.9338 15.51235353 11871
1998-067RF              
1 45262U 98067RF  20126.64938156  .00004128  00000-0  78303-4 0  9992
2 45262  51.6419 198.3253 0006638 237.8775 122.1571 15.50721414 11876
QARMAN                  
1 45263U 98067RG  20126.52738032  .00005699  00000-0  10522-3 0  9993
2 45263  51.6415 199.0072 0007069 196.6229 163.4529 15.50685131 11871
SORTIE                  
1 45264U 98067RH  20127.18120457  .00002959  00000-0  59280-4 0  9994
2 45264  51.6421 195.8754 0007415 208.1315 151.9275 15.50268531 11949
ICS-EF (ISS DEB)        
1 45265U 98067RJ  20127.20925940  .00001763  00000-0  39415-4 0  9998
2 45265  51.6417 196.0582 0005255 208.6555 151.4146 15.49591161 11621
SOYUZ-MS 16             
1 45476U 20023A   20126.53937142  .00000838  00000-0  23085-4 0  9999
2 45476  51.6442 199.5485 0001122 241.4902 251.9068 15.49349074225409
PROGRESS-MS 14          
1 45595U 20026A   20126.53937142  .00000838  00000-0  23085-4 0  9994
2 45595  51.6442 199.5485 0001122 241.4902 251.9068 15.49349074225401
G-SAT                   
1 45597U 98067RK  20123.49895774  .00004824  00000-0  91945-4 0  9991
2 45597  51.6438 214.5758 0004614 248.6471 207.2016 15.50160417   736
QUETZAL-1               
1 45598U 98067RL  20123.49846198  .00008475  00000-0  15720-3 0  9990
2 45598  51.6450 214.5908 0002193 263.8257 183.8606 15.49834326   660
